0	0.999	0.001	8.67362e-19
0.03	0.998996	0.0010027	8.0108e-07
0.06	0.998993	0.00100541	1.60432e-06
0.09	0.998989	0.00100812	2.40973e-06
0.12	0.998986	0.00101084	3.21732e-06
0.15	0.998982	0.00101357	4.02709e-06
0.18	0.998979	0.00101631	4.83904e-06
0.21	0.998975	0.00101905	5.65318e-06
0.24	0.998972	0.00102181	6.46953e-06
0.27	0.998968	0.00102456	7.28808e-06
0.3	0.998965	0.00102733	8.10883e-06
0.33	0.998961	0.00103011	8.93181e-06
0.36	0.998957	0.00103289	9.757e-06
0.39	0.998954	0.00103568	1.05844e-05
0.42	0.99895	0.00103847	1.14141e-05
0.45	0.998946	0.00104128	1.2246e-05
0.48	0.998943	0.00104409	1.30801e-05
0.51	0.998939	0.00104691	1.39165e-05
0.54	0.998936	0.00104973	1.47552e-05
0.57	0.998932	0.00105257	1.55961e-05
0.6	0.998928	0.00105541	1.64393e-05
0.63	0.998924	0.00105826	1.72848e-05
0.66	0.998921	0.00106111	1.81325e-05
0.69	0.998917	0.00106398	1.89825e-05
0.72	0.998913	0.00106685	1.98349e-05
0.75	0.99891	0.00106973	2.06895e-05
0.78	0.998906	0.00107262	2.15464e-05
0.81	0.998902	0.00107552	2.24057e-05
0.84	0.998898	0.00107842	2.32673e-05
0.87	0.998895	0.00108133	2.41312e-05
0.9	0.998891	0.00108425	2.49974e-05
0.93	0.998887	0.00108718	2.5866e-05
0.96	0.998883	0.00109011	2.67369e-05
0.99	0.998879	0.00109306	2.76102e-05
1.02	0.998876	0.00109601	2.84858e-05
1.05	0.998872	0.00109897	2.93638e-05
1.08	0.998868	0.00110193	3.02441e-05
1.11	0.998864	0.00110491	3.11269e-05
1.14	0.99886	0.00110789	3.2012e-05
1.17	0.998856	0.00111088	3.28995e-05
1.2	0.998852	0.00111388	3.37894e-05
1.23	0.998848	0.00111689	3.46817e-05
1.26	0.998845	0.0011199	3.55764e-05
1.29	0.998841	0.00112293	3.64736e-05
1.32	0.998837	0.00112596	3.73731e-05
1.35	0.998833	0.001129	3.82751e-05
1.38	0.998829	0.00113204	3.91795e-05
1.41	0.998825	0.0011351	4.00864e-05
1.44	0.998821	0.00113816	4.09957e-05
1.47	0.998817	0.00114124	4.19074e-05
1.5	0.998813	0.00114432	4.28216e-05
1.53	0.998809	0.00114741	4.37383e-05
1.56	0.998805	0.0011505	4.46575e-05
1.59	0.998801	0.00115361	4.55791e-05
1.62	0.998797	0.00115672	4.65033e-05
1.65	0.998793	0.00115985	4.74299e-05
1.68	0.998789	0.00116298	4.8359e-05
1.71	0.998785	0.00116612	4.92907e-05
1.74	0.998781	0.00116926	5.02248e-05
1.77	0.998776	0.00117242	5.11615e-05
1.8	0.998772	0.00117559	5.21007e-05
1.83	0.998768	0.00117876	5.30424e-05
1.86	0.998764	0.00118194	5.39867e-05
1.89	0.99876	0.00118513	5.49336e-05
1.92	0.998756	0.00118833	5.58829e-05
1.95	0.998752	0.00119154	5.68349e-05
1.98	0.998747	0.00119475	5.77894e-05
2.01	0.998743	0.00119798	5.87465e-05
2.04	0.998739	0.00120121	5.97062e-05
2.07	0.998735	0.00120446	6.06684e-05
2.1	0.998731	0.00120771	6.16333e-05
2.13	0.998726	0.00121097	6.26008e-05
2.16	0.998722	0.00121423	6.35708e-05
2.19	0.998718	0.00121751	6.45435e-05
2.22	0.998714	0.0012208	6.55189e-05
2.25	0.998709	0.00122409	6.64968e-05
2.28	0.998705	0.0012274	6.74774e-05
2.31	0.998701	0.00123071	6.84607e-05
2.34	0.998697	0.00123403	6.94466e-05
2.37	0.998692	0.00123736	7.04351e-05
2.4	0.998688	0.0012407	7.14263e-05
2.43	0.998684	0.00124405	7.24202e-05
2.46	0.998679	0.00124741	7.34168e-05
2.49	0.998675	0.00125078	7.44161e-05
2.52	0.99867	0.00125415	7.54181e-05
2.55	0.998666	0.00125754	7.64227e-05
2.58	0.998662	0.00126093	7.74301e-05
2.61	0.998657	0.00126433	7.84402e-05
2.64	0.998653	0.00126775	7.94531e-05
2.67	0.998648	0.00127117	8.04686e-05
2.7	0.998644	0.0012746	8.14869e-05
2.73	0.998639	0.00127804	8.2508e-05
2.76	0.998635	0.00128149	8.35318e-05
2.79	0.99863	0.00128495	8.45584e-05
2.82	0.998626	0.00128841	8.55877e-05
2.85	0.998621	0.00129189	8.66198e-05
2.88	0.998617	0.00129538	8.76547e-05
2.91	0.998612	0.00129887	8.86924e-05
2.94	0.998608	0.00130238	8.97329e-05
2.97	0.998603	0.00130589	9.07763e-05
3	0.998599	0.00130942	9.18224e-05
3.03	0.998594	0.00131295	9.28713e-05
3.06	0.99859	0.0013165	9.39231e-05
3.09	0.998585	0.00132005	9.49777e-05
3.12	0.99858	0.00132361	9.60352e-05
3.15	0.998576	0.00132718	9.70955e-05
3.18	0.998571	0.00133076	9.81587e-05
3.21	0.998566	0.00133436	9.92247e-05
3.24	0.998562	0.00133796	0.000100294
3.27	0.998557	0.00134157	0.000101365
3.3	0.998552	0.00134519	0.00010244
3.33	0.998548	0.00134882	0.000103518
3.36	0.998543	0.00135246	0.000104598
3.39	0.998538	0.00135611	0.000105682
3.42	0.998533	0.00135977	0.000106768
3.45	0.998529	0.00136344	0.000107857
3.48	0.998524	0.00136711	0.00010895
3.51	0.998519	0.0013708	0.000110045
3.54	0.998514	0.0013745	0.000111143
3.57	0.99851	0.00137821	0.000112244
3.6	0.998505	0.00138193	0.000113348
3.63	0.9985	0.00138566	0.000114455
3.66	0.998495	0.0013894	0.000115565
3.69	0.99849	0.00139315	0.000116678
3.72	0.998485	0.00139691	0.000117794
3.75	0.99848	0.00140068	0.000118913
3.78	0.998476	0.00140446	0.000120035
3.81	0.998471	0.00140825	0.00012116
3.84	0.998466	0.00141205	0.000122288
3.87	0.998461	0.00141586	0.00012342
3.9	0.998456	0.00141968	0.000124554
3.93	0.998451	0.00142351	0.000125691
3.96	0.998446	0.00142735	0.000126831
3.99	0.998441	0.0014312	0.000127975
4.02	0.998436	0.00143506	0.000129121
4.05	0.998431	0.00143893	0.000130271
4.08	0.998426	0.00144281	0.000131424
4.11	0.998421	0.00144671	0.000132579
4.14	0.998416	0.00145061	0.000133738
4.17	0.998411	0.00145452	0.0001349
4.2	0.998405	0.00145845	0.000136066
4.23	0.9984	0.00146238	0.000137234
4.26	0.998395	0.00146633	0.000138405
4.29	0.99839	0.00147029	0.00013958
4.32	0.998385	0.00147425	0.000140758
4.35	0.99838	0.00147823	0.000141939
4.38	0.998375	0.00148222	0.000143123
4.41	0.998369	0.00148622	0.00014431
4.44	0.998364	0.00149023	0.000145501
4.47	0.998359	0.00149425	0.000146695
4.5	0.998354	0.00149828	0.000147892
4.53	0.998349	0.00150232	0.000149092
4.56	0.998343	0.00150637	0.000150295
4.59	0.998338	0.00151044	0.000151502
4.62	0.998333	0.00151451	0.000152712
4.65	0.998327	0.0015186	0.000153925
4.68	0.998322	0.0015227	0.000155142
4.71	0.998317	0.0015268	0.000156362
4.74	0.998311	0.00153092	0.000157585
4.77	0.998306	0.00153505	0.000158811
4.8	0.998301	0.00153919	0.000160041
4.83	0.998295	0.00154335	0.000161274
4.86	0.99829	0.00154751	0.00016251
4.89	0.998285	0.00155168	0.00016375
4.92	0.998279	0.00155587	0.000164993
4.95	0.998274	0.00156007	0.000166239
4.98	0.998268	0.00156427	0.000167489
5.01	0.998263	0.00156849	0.000168742
5.04	0.998257	0.00157273	0.000169999
5.07	0.998252	0.00157697	0.000171259
5.1	0.998246	0.00158122	0.000172522
5.13	0.998241	0.00158549	0.000173788
5.16	0.998235	0.00158976	0.000175059
5.19	0.99823	0.00159405	0.000176332
5.22	0.998224	0.00159835	0.000177609
5.25	0.998218	0.00160266	0.000178889
5.28	0.998213	0.00160699	0.000180173
5.31	0.998207	0.00161132	0.000181461
5.34	0.998202	0.00161567	0.000182751
5.37	0.998196	0.00162003	0.000184046
5.4	0.99819	0.0016244	0.000185343
5.43	0.998185	0.00162878	0.000186645
5.46	0.998179	0.00163317	0.00018795
5.49	0.998173	0.00163757	0.000189258
5.52	0.998167	0.00164199	0.00019057
5.55	0.998162	0.00164642	0.000191885
5.58	0.998156	0.00165086	0.000193204
5.61	0.99815	0.00165531	0.000194526
5.64	0.998144	0.00165978	0.000195852
5.67	0.998139	0.00166426	0.000197182
5.7	0.998133	0.00166874	0.000198515
5.73	0.998127	0.00167324	0.000199852
5.76	0.998121	0.00167776	0.000201192
5.79	0.998115	0.00168228	0.000202536
5.82	0.998109	0.00168682	0.000203884
5.85	0.998103	0.00169137	0.000205235
5.88	0.998097	0.00169593	0.00020659
5.91	0.998092	0.0017005	0.000207949
5.94	0.998086	0.00170509	0.000209311
5.97	0.99808	0.00170969	0.000210677
6	0.998074	0.0017143	0.000212047
6.03	0.998068	0.00171892	0.00021342
6.06	0.998062	0.00172356	0.000214797
6.09	0.998056	0.00172821	0.000216178
6.12	0.99805	0.00173287	0.000217562
6.15	0.998044	0.00173754	0.00021895
6.18	0.998037	0.00174223	0.000220342
6.21	0.998031	0.00174692	0.000221738
6.24	0.998025	0.00175164	0.000223137
6.27	0.998019	0.00175636	0.00022454
6.3	0.998013	0.0017611	0.000225947
6.33	0.998007	0.00176584	0.000227358
6.36	0.998001	0.00177061	0.000228773
6.39	0.997994	0.00177538	0.000230191
6.42	0.997988	0.00178017	0.000231613
6.45	0.997982	0.00178497	0.000233039
6.48	0.997976	0.00178978	0.000234469
6.51	0.997969	0.00179461	0.000235903
6.54	0.997963	0.00179945	0.000237341
6.57	0.997957	0.0018043	0.000238782
6.6	0.997951	0.00180917	0.000240228
6.63	0.997944	0.00181404	0.000241677
6.66	0.997938	0.00181894	0.00024313
6.69	0.997932	0.00182384	0.000244587
6.72	0.997925	0.00182876	0.000246048
6.75	0.997919	0.00183369	0.000247513
6.78	0.997912	0.00183863	0.000248982
6.81	0.997906	0.00184359	0.000250455
6.84	0.9979	0.00184856	0.000251932
6.87	0.997893	0.00185355	0.000253413
6.9	0.997887	0.00185854	0.000254897
6.93	0.99788	0.00186355	0.000256386
6.96	0.997874	0.00186858	0.000257879
6.99	0.997867	0.00187362	0.000259376
7.02	0.99786	0.00187867	0.000260877
7.05	0.997854	0.00188373	0.000262382
7.08	0.997847	0.00188881	0.000263891
7.11	0.997841	0.0018939	0.000265404
7.14	0.997834	0.00189901	0.000266921
7.17	0.997827	0.00190413	0.000268442
7.2	0.997821	0.00190926	0.000269968
7.23	0.997814	0.00191441	0.000271497
7.26	0.997807	0.00191957	0.000273031
7.29	0.997801	0.00192475	0.000274569
7.32	0.997794	0.00192994	0.00027611
7.35	0.997787	0.00193514	0.000277656
7.38	0.99778	0.00194036	0.000279207
7.41	0.997774	0.00194559	0.000280761
7.44	0.997767	0.00195083	0.00028232
7.47	0.99776	0.00195609	0.000283882
7.5	0.997753	0.00196136	0.000285449
7.53	0.997746	0.00196665	0.000287021
7.56	0.997739	0.00197195	0.000288596
7.59	0.997733	0.00197727	0.000290176
7.62	0.997726	0.0019826	0.00029176
7.65	0.997719	0.00198794	0.000293348
7.68	0.997712	0.0019933	0.00029494
7.71	0.997705	0.00199868	0.000296537
7.74	0.997698	0.00200406	0.000298138
7.77	0.997691	0.00200946	0.000299744
7.8	0.997684	0.00201488	0.000301353
7.83	0.997677	0.00202031	0.000302967
7.86	0.99767	0.00202576	0.000304586
7.89	0.997663	0.00203122	0.000306209
7.92	0.997655	0.00203669	0.000307836
7.95	0.997648	0.00204218	0.000309467
7.98	0.997641	0.00204769	0.000311103
8.01	0.997634	0.00205321	0.000312744
8.04	0.997627	0.00205874	0.000314388
8.07	0.99762	0.00206429	0.000316038
8.1	0.997612	0.00206985	0.000317691
8.13	0.997605	0.00207543	0.000319349
8.16	0.997598	0.00208103	0.000321012
8.19	0.997591	0.00208664	0.000322679
8.22	0.997583	0.00209226	0.000324351
8.25	0.997576	0.0020979	0.000326027
8.28	0.997569	0.00210355	0.000327707
8.31	0.997561	0.00210922	0.000329392
8.34	0.997554	0.00211491	0.000331082
8.37	0.997547	0.00212061	0.000332776
8.4	0.997539	0.00212632	0.000334475
8.43	0.997532	0.00213205	0.000336178
8.46	0.997524	0.0021378	0.000337886
8.49	0.997517	0.00214356	0.000339599
8.52	0.997509	0.00214934	0.000341316
8.55	0.997502	0.00215513	0.000343038
8.58	0.997494	0.00216094	0.000344764
8.61	0.997487	0.00216676	0.000346495
8.64	0.997479	0.0021726	0.000348231
8.67	0.997472	0.00217845	0.000349971
8.7	0.997464	0.00218432	0.000351717
8.73	0.997456	0.00219021	0.000353466
8.76	0.997449	0.00219611	0.000355221
8.79	0.997441	0.00220203	0.00035698
8.82	0.997433	0.00220796	0.000358744
8.85	0.997426	0.00221391	0.000360513
8.88	0.997418	0.00221988	0.000362286
8.91	0.99741	0.00222586	0.000364065
8.94	0.997402	0.00223186	0.000365848
8.97	0.997394	0.00223787	0.000367636
9	0.997387	0.0022439	0.000369428
9.03	0.997379	0.00224995	0.000371226
9.06	0.997371	0.00225601	0.000373028
9.09	0.997363	0.00226209	0.000374836
9.12	0.997355	0.00226818	0.000376648
9.15	0.997347	0.00227429	0.000378465
9.18	0.997339	0.00228042	0.000380287
9.21	0.997331	0.00228657	0.000382113
9.24	0.997323	0.00229273	0.000383945
9.27	0.997315	0.0022989	0.000385782
9.3	0.997307	0.0023051	0.000387623
9.33	0.997299	0.00231131	0.00038947
9.36	0.997291	0.00231753	0.000391321
9.39	0.997283	0.00232378	0.000393178
9.42	0.997275	0.00233004	0.000395039
9.45	0.997267	0.00233632	0.000396906
9.48	0.997259	0.00234261	0.000398778
9.51	0.99725	0.00234892	0.000400654
9.54	0.997242	0.00235525	0.000402536
9.57	0.997234	0.00236159	0.000404423
9.6	0.997226	0.00236796	0.000406314
9.63	0.997217	0.00237434	0.000408211
9.66	0.997209	0.00238073	0.000410113
9.69	0.997201	0.00238714	0.00041202
9.72	0.997192	0.00239357	0.000413933
9.75	0.997184	0.00240002	0.00041585
9.78	0.997176	0.00240649	0.000417773
9.81	0.997167	0.00241297	0.000419701
9.84	0.997159	0.00241947	0.000421634
9.87	0.99715	0.00242599	0.000423572
9.9	0.997142	0.00243252	0.000425515
9.93	0.997133	0.00243907	0.000427464
9.96	0.997125	0.00244564	0.000429418
9.99	0.997116	0.00245223	0.000431377
10.02	0.997108	0.00245884	0.000433341
10.05	0.997099	0.00246546	0.000435311
10.08	0.997091	0.0024721	0.000437286
10.11	0.997082	0.00247876	0.000439266
10.14	0.997073	0.00248543	0.000441252
10.17	0.997065	0.00249213	0.000443243
10.2	0.997056	0.00249884	0.000445239
10.23	0.997047	0.00250557	0.000447241
10.26	0.997038	0.00251232	0.000449248
10.29	0.99703	0.00251909	0.000451261
10.32	0.997021	0.00252587	0.000453279
10.35	0.997012	0.00253267	0.000455302
10.38	0.997003	0.00253949	0.000457331
10.41	0.996994	0.00254633	0.000459365
10.44	0.996985	0.00255319	0.000461405
10.47	0.996976	0.00256007	0.000463451
10.5	0.996968	0.00256696	0.000465501
10.53	0.996959	0.00257387	0.000467558
10.56	0.99695	0.0025808	0.00046962
10.59	0.996941	0.00258775	0.000471687
10.62	0.996932	0.00259472	0.00047376
10.65	0.996922	0.00260171	0.000475839
10.68	0.996913	0.00260872	0.000477923
10.71	0.996904	0.00261574	0.000480013
10.74	0.996895	0.00262278	0.000482108
10.77	0.996886	0.00262985	0.000484209
10.8	0.996877	0.00263693	0.000486316
10.83	0.996868	0.00264403	0.000488428
10.86	0.996858	0.00265115	0.000490546
10.89	0.996849	0.00265829	0.00049267
10.92	0.99684	0.00266544	0.000494799
10.95	0.99683	0.00267262	0.000496935
10.98	0.996821	0.00267982	0.000499076
11.01	0.996812	0.00268703	0.000501222
11.04	0.996802	0.00269427	0.000503375
11.07	0.996793	0.00270152	0.000505533
11.1	0.996784	0.00270879	0.000507697
11.13	0.996774	0.00271609	0.000509867
11.16	0.996765	0.0027234	0.000512043
11.19	0.996755	0.00273073	0.000514225
11.22	0.996746	0.00273808	0.000516412
11.25	0.996736	0.00274546	0.000518606
11.28	0.996726	0.00275285	0.000520805
11.31	0.996717	0.00276026	0.00052301
11.34	0.996707	0.00276769	0.000525221
11.37	0.996697	0.00277514	0.000527439
11.4	0.996688	0.00278261	0.000529662
11.43	0.996678	0.0027901	0.000531891
11.46	0.996668	0.00279761	0.000534126
11.49	0.996658	0.00280514	0.000536367
11.52	0.996649	0.00281269	0.000538614
11.55	0.996639	0.00282027	0.000540867
11.58	0.996629	0.00282786	0.000543126
11.61	0.996619	0.00283547	0.000545392
11.64	0.996609	0.0028431	0.000547663
11.67	0.996599	0.00285075	0.000549941
11.7	0.996589	0.00285843	0.000552224
11.73	0.996579	0.00286612	0.000554514
11.76	0.996569	0.00287384	0.00055681
11.79	0.996559	0.00288157	0.000559112
11.82	0.996549	0.00288933	0.000561421
11.85	0.996539	0.0028971	0.000563735
11.88	0.996529	0.0029049	0.000566056
11.91	0.996519	0.00291272	0.000568383
11.94	0.996509	0.00292056	0.000570716
11.97	0.996499	0.00292842	0.000573056
12	0.996488	0.0029363	0.000575402
12.03	0.996478	0.0029442	0.000577754
12.06	0.996468	0.00295213	0.000580113
12.09	0.996457	0.00296007	0.000582478
12.12	0.996447	0.00296804	0.000584849
12.15	0.996437	0.00297603	0.000587226
12.18	0.996426	0.00298403	0.00058961
12.21	0.996416	0.00299207	0.000592001
12.24	0.996405	0.00300012	0.000594398
12.27	0.996395	0.00300819	0.000596801
12.3	0.996385	0.00301629	0.000599211
12.33	0.996374	0.0030244	0.000601627
12.36	0.996363	0.00303254	0.00060405
12.39	0.996353	0.0030407	0.000606479
12.42	0.996342	0.00304888	0.000608915
12.45	0.996332	0.00305709	0.000611357
12.48	0.996321	0.00306531	0.000613806
12.51	0.99631	0.00307356	0.000616262
12.54	0.996299	0.00308183	0.000618724
12.57	0.996289	0.00309012	0.000621193
12.6	0.996278	0.00309844	0.000623668
12.63	0.996267	0.00310677	0.00062615
12.66	0.996256	0.00311513	0.000628639
12.69	0.996245	0.00312351	0.000631135
12.72	0.996234	0.00313192	0.000633637
12.75	0.996224	0.00314034	0.000636146
12.78	0.996213	0.00314879	0.000638661
12.81	0.996202	0.00315726	0.000641184
12.84	0.996191	0.00316576	0.000643713
12.87	0.996179	0.00317427	0.000646249
12.9	0.996168	0.00318281	0.000648792
12.93	0.996157	0.00319138	0.000651341
12.96	0.996146	0.00319996	0.000653898
12.99	0.996135	0.00320857	0.000656461
13.02	0.996124	0.0032172	0.000659032
13.05	0.996113	0.00322585	0.000661609
13.08	0.996101	0.00323453	0.000664193
13.11	0.99609	0.00324323	0.000666784
13.14	0.996079	0.00325196	0.000669382
13.17	0.996067	0.0032607	0.000671987
13.2	0.996056	0.00326947	0.000674599
13.23	0.996045	0.00327827	0.000677219
13.26	0.996033	0.00328709	0.000679845
13.29	0.996022	0.00329593	0.000682478
13.32	0.99601	0.00330479	0.000685118
13.35	0.995999	0.00331368	0.000687766
13.38	0.995987	0.00332259	0.00069042
13.41	0.995975	0.00333153	0.000693082
13.44	0.995964	0.00334049	0.00069575
13.47	0.995952	0.00334947	0.000698426
13.5	0.99594	0.00335848	0.00070111
13.53	0.995929	0.00336752	0.0007038
13.56	0.995917	0.00337657	0.000706498
13.59	0.995905	0.00338565	0.000709203
13.62	0.995893	0.00339476	0.000711915
13.65	0.995881	0.00340389	0.000714634
13.68	0.99587	0.00341304	0.000717361
13.71	0.995858	0.00342222	0.000720095
13.74	0.995846	0.00343142	0.000722837
13.77	0.995834	0.00344065	0.000725585
13.8	0.995822	0.0034499	0.000728342
13.83	0.99581	0.00345918	0.000731105
13.86	0.995798	0.00346848	0.000733876
13.89	0.995786	0.0034778	0.000736655
13.92	0.995773	0.00348716	0.000739441
13.95	0.995761	0.00349653	0.000742234
13.98	0.995749	0.00350593	0.000745035
14.01	0.995737	0.00351536	0.000747844
14.04	0.995725	0.00352481	0.00075066
14.07	0.995712	0.00353429	0.000753483
14.1	0.9957	0.00354379	0.000756315
14.13	0.995688	0.00355332	0.000759153
14.16	0.995675	0.00356287	0.000762
14.19	0.995663	0.00357245	0.000764854
14.22	0.99565	0.00358205	0.000767716
14.25	0.995638	0.00359168	0.000770585
14.28	0.995625	0.00360134	0.000773463
14.31	0.995613	0.00361102	0.000776348
14.34	0.9956	0.00362073	0.00077924
14.37	0.995587	0.00363046	0.000782141
14.4	0.995575	0.00364022	0.000785049
14.43	0.995562	0.00365001	0.000787965
14.46	0.995549	0.00365982	0.000790889
14.49	0.995537	0.00366965	0.000793821
14.52	0.995524	0.00367952	0.00079676
14.55	0.995511	0.00368941	0.000799708
14.58	0.995498	0.00369933	0.000802664
14.61	0.995485	0.00370927	0.000805627
14.64	0.995472	0.00371924	0.000808598
14.67	0.995459	0.00372923	0.000811578
14.7	0.995446	0.00373926	0.000814565
14.73	0.995433	0.00374931	0.000817561
14.76	0.99542	0.00375938	0.000820564
14.79	0.995407	0.00376949	0.000823576
14.82	0.995394	0.00377962	0.000826595
14.85	0.995381	0.00378978	0.000829623
14.88	0.995367	0.00379996	0.000832659
14.91	0.995354	0.00381017	0.000835703
14.94	0.995341	0.00382041	0.000838755
14.97	0.995328	0.00383068	0.000841816
15	0.995314	0.00384097	0.000844884
15.03	0.995301	0.00385129	0.000847961
15.06	0.995287	0.00386164	0.000851046
15.09	0.995274	0.00387202	0.00085414
15.12	0.99526	0.00388242	0.000857242
15.15	0.995247	0.00389285	0.000860352
15.18	0.995233	0.00390331	0.00086347
15.21	0.99522	0.0039138	0.000866597
15.24	0.995206	0.00392432	0.000869732
15.27	0.995192	0.00393486	0.000872876
15.3	0.995179	0.00394543	0.000876028
15.33	0.995165	0.00395603	0.000879189
15.36	0.995151	0.00396666	0.000882358
15.39	0.995137	0.00397732	0.000885535
15.42	0.995123	0.003988	0.000888721
15.45	0.995109	0.00399872	0.000891916
15.48	0.995095	0.00400946	0.000895119
15.51	0.995081	0.00402023	0.000898331
15.54	0.995067	0.00403103	0.000901552
15.57	0.995053	0.00404186	0.000904781
15.6	0.995039	0.00405272	0.000908019
15.63	0.995025	0.0040636	0.000911265
15.66	0.995011	0.00407452	0.00091452
15.69	0.994997	0.00408546	0.000917784
15.72	0.994983	0.00409644	0.000921057
15.75	0.994968	0.00410744	0.000924339
15.78	0.994954	0.00411847	0.000927629
15.81	0.99494	0.00412954	0.000930928
15.84	0.994925	0.00414063	0.000934236
15.87	0.994911	0.00415175	0.000937553
15.9	0.994896	0.0041629	0.000940879
15.93	0.994882	0.00417408	0.000944214
15.96	0.994867	0.00418529	0.000947558
15.99	0.994853	0.00419653	0.00095091
16.02	0.994838	0.0042078	0.000954272
16.05	0.994823	0.0042191	0.000957643
16.08	0.994809	0.00423043	0.000961023
16.11	0.994794	0.00424179	0.000964412
16.14	0.994779	0.00425318	0.00096781
16.17	0.994764	0.0042646	0.000971217
16.2	0.994749	0.00427605	0.000974633
16.23	0.994734	0.00428754	0.000978058
16.26	0.994719	0.00429905	0.000981493
16.29	0.994704	0.00431059	0.000984937
16.32	0.994689	0.00432217	0.00098839
16.35	0.994674	0.00433377	0.000991852
16.38	0.994659	0.00434541	0.000995324
16.41	0.994644	0.00435707	0.000998805
16.44	0.994629	0.00436877	0.0010023
16.47	0.994614	0.0043805	0.0010058
16.5	0.994598	0.00439226	0.0010093
16.53	0.994583	0.00440405	0.00101282
16.56	0.994568	0.00441588	0.00101635
16.59	0.994552	0.00442773	0.00101989
16.62	0.994537	0.00443962	0.00102344
16.65	0.994521	0.00445153	0.00102699
16.68	0.994506	0.00446348	0.00103056
16.71	0.99449	0.00447547	0.00103413
16.74	0.994475	0.00448748	0.00103772
16.77	0.994459	0.00449952	0.00104131
16.8	0.994443	0.0045116	0.00104492
16.83	0.994428	0.00452371	0.00104853
16.86	0.994412	0.00453585	0.00105216
16.89	0.994396	0.00454803	0.00105579
16.92	0.99438	0.00456023	0.00105943
16.95	0.994364	0.00457247	0.00106309
16.98	0.994349	0.00458475	0.00106675
17.01	0.994333	0.00459705	0.00107042
17.04	0.994317	0.00460939	0.0010741
17.07	0.9943	0.00462176	0.0010778
17.1	0.994284	0.00463416	0.0010815
17.13	0.994268	0.0046466	0.00108521
17.16	0.994252	0.00465907	0.00108893
17.19	0.994236	0.00467157	0.00109267
17.22	0.994219	0.0046841	0.00109641
17.25	0.994203	0.00469667	0.00110016
17.28	0.994187	0.00470928	0.00110392
17.31	0.99417	0.00472191	0.00110769
17.34	0.994154	0.00473458	0.00111148
17.37	0.994137	0.00474728	0.00111527
17.4	0.994121	0.00476002	0.00111907
17.43	0.994104	0.00477279	0.00112289
17.46	0.994088	0.0047856	0.00112671
17.49	0.994071	0.00479844	0.00113054
17.52	0.994054	0.00481131	0.00113439
17.55	0.994038	0.00482422	0.00113824
17.58	0.994021	0.00483716	0.00114211
17.61	0.994004	0.00485014	0.00114598
17.64	0.993987	0.00486315	0.00114987
17.67	0.99397	0.00487619	0.00115376
17.7	0.993953	0.00488927	0.00115767
17.73	0.993936	0.00490239	0.00116158
17.76	0.993919	0.00491554	0.00116551
17.79	0.993902	0.00492872	0.00116945
17.82	0.993885	0.00494194	0.0011734
17.85	0.993867	0.0049552	0.00117736
17.88	0.99385	0.00496849	0.00118133
17.91	0.993833	0.00498181	0.00118531
17.94	0.993816	0.00499517	0.0011893
17.97	0.993798	0.00500857	0.0011933
18	0.993781	0.005022	0.00119731
18.03	0.993763	0.00503547	0.00120133
18.06	0.993746	0.00504897	0.00120537
18.09	0.993728	0.00506251	0.00120941
18.12	0.99371	0.00507609	0.00121347
18.15	0.993693	0.0050897	0.00121753
18.18	0.993675	0.00510335	0.00122161
18.21	0.993657	0.00511703	0.0012257
18.24	0.993639	0.00513075	0.0012298
18.27	0.993622	0.00514451	0.00123391
18.3	0.993604	0.00515831	0.00123803
18.33	0.993586	0.00517214	0.00124216
18.36	0.993568	0.005186	0.0012463
18.39	0.99355	0.00519991	0.00125046
18.42	0.993532	0.00521385	0.00125462
18.45	0.993513	0.00522783	0.0012588
18.48	0.993495	0.00524184	0.00126299
18.51	0.993477	0.00525589	0.00126719
18.54	0.993459	0.00526998	0.0012714
18.57	0.99344	0.00528411	0.00127562
18.6	0.993422	0.00529827	0.00127985
18.63	0.993403	0.00531248	0.0012841
18.66	0.993385	0.00532672	0.00128835
18.69	0.993366	0.00534099	0.00129262
18.72	0.993348	0.00535531	0.0012969
18.75	0.993329	0.00536966	0.00130119
18.78	0.99331	0.00538405	0.00130549
18.81	0.993292	0.00539848	0.0013098
18.84	0.993273	0.00541295	0.00131413
18.87	0.993254	0.00542746	0.00131846
18.9	0.993235	0.00544201	0.00132281
18.93	0.993216	0.00545659	0.00132717
18.96	0.993197	0.00547121	0.00133154
18.99	0.993178	0.00548587	0.00133593
19.02	0.993159	0.00550057	0.00134032
19.05	0.99314	0.00551531	0.00134473
19.08	0.993121	0.00553009	0.00134914
19.11	0.993102	0.00554491	0.00135357
19.14	0.993082	0.00555977	0.00135802
19.17	0.993063	0.00557466	0.00136247
19.2	0.993043	0.0055896	0.00136694
19.23	0.993024	0.00560457	0.00137141
19.26	0.993005	0.00561959	0.0013759
19.29	0.992985	0.00563464	0.0013804
19.32	0.992965	0.00564974	0.00138492
19.35	0.992946	0.00566488	0.00138944
19.38	0.992926	0.00568005	0.00139398
19.41	0.992906	0.00569527	0.00139853
19.44	0.992886	0.00571052	0.00140309
19.47	0.992867	0.00572582	0.00140767
19.5	0.992847	0.00574116	0.00141226
19.53	0.992827	0.00575653	0.00141686
19.56	0.992807	0.00577195	0.00142147
19.59	0.992786	0.00578741	0.00142609
19.62	0.992766	0.00580291	0.00143073
19.65	0.992746	0.00581845	0.00143537
19.68	0.992726	0.00583404	0.00144004
19.71	0.992706	0.00584966	0.00144471
19.74	0.992685	0.00586533	0.0014494
19.77	0.992665	0.00588103	0.00145409
19.8	0.992644	0.00589678	0.0014588
19.83	0.992624	0.00591257	0.00146353
19.86	0.992603	0.0059284	0.00146827
19.89	0.992583	0.00594428	0.00147301
19.92	0.992562	0.00596019	0.00147778
19.95	0.992541	0.00597615	0.00148255
19.98	0.992521	0.00599215	0.00148734
20.01	0.9925	0.0060082	0.00149214
20.04	0.992479	0.00602428	0.00149695
20.07	0.992458	0.00604041	0.00150178
20.1	0.992437	0.00605658	0.00150662
20.13	0.992416	0.0060728	0.00151147
20.16	0.992395	0.00608905	0.00151633
20.19	0.992373	0.00610535	0.00152121
20.22	0.992352	0.0061217	0.0015261
20.25	0.992331	0.00613808	0.001531
20.28	0.99231	0.00615451	0.00153592
20.31	0.992288	0.00617099	0.00154085
20.34	0.992267	0.0061875	0.0015458
20.37	0.992245	0.00620406	0.00155075
20.4	0.992224	0.00622067	0.00155572
20.43	0.992202	0.00623732	0.0015607
20.46	0.99218	0.00625401	0.0015657
20.49	0.992159	0.00627075	0.00157071
20.52	0.992137	0.00628753	0.00157573
20.55	0.992115	0.00630435	0.00158077
20.58	0.992093	0.00632122	0.00158582
20.61	0.992071	0.00633814	0.00159089
20.64	0.992049	0.0063551	0.00159596
20.67	0.992027	0.0063721	0.00160105
20.7	0.992005	0.00638915	0.00160616
20.73	0.991982	0.00640624	0.00161128
20.76	0.99196	0.00642338	0.00161641
20.79	0.991938	0.00644057	0.00162155
20.82	0.991915	0.0064578	0.00162671
20.85	0.991893	0.00647508	0.00163189
20.88	0.991871	0.0064924	0.00163707
20.91	0.991848	0.00650977	0.00164227
20.94	0.991825	0.00652718	0.00164749
20.97	0.991803	0.00654464	0.00165272
21	0.99178	0.00656214	0.00165796
21.03	0.991757	0.0065797	0.00166322
21.06	0.991734	0.0065973	0.00166849
21.09	0.991711	0.00661494	0.00167377
21.12	0.991688	0.00663263	0.00167907
21.15	0.991665	0.00665037	0.00168438
21.18	0.991642	0.00666816	0.00168971
21.21	0.991619	0.00668599	0.00169505
21.24	0.991596	0.00670387	0.00170041
21.27	0.991572	0.0067218	0.00170578
21.3	0.991549	0.00673977	0.00171116
21.33	0.991526	0.00675779	0.00171656
21.36	0.991502	0.00677586	0.00172198
21.39	0.991479	0.00679398	0.00172741
21.42	0.991455	0.00681214	0.00173285
21.45	0.991431	0.00683036	0.0017383
21.48	0.991408	0.00684862	0.00174378
21.51	0.991384	0.00686693	0.00174926
21.54	0.99136	0.00688528	0.00175476
21.57	0.991336	0.00690369	0.00176028
21.6	0.991312	0.00692215	0.00176581
21.63	0.991288	0.00694065	0.00177135
21.66	0.991264	0.0069592	0.00177691
21.69	0.99124	0.0069778	0.00178249
21.72	0.991215	0.00699645	0.00178808
21.75	0.991191	0.00701515	0.00179368
21.78	0.991167	0.0070339	0.0017993
21.81	0.991142	0.0070527	0.00180494
21.84	0.991118	0.00707155	0.00181059
21.87	0.991093	0.00709045	0.00181625
21.9	0.991069	0.0071094	0.00182193
21.93	0.991044	0.0071284	0.00182763
21.96	0.991019	0.00714744	0.00183334
21.99	0.990994	0.00716654	0.00183906
22.02	0.99097	0.00718569	0.0018448
22.05	0.990945	0.00720489	0.00185056
22.08	0.99092	0.00722414	0.00185633
22.11	0.990894	0.00724344	0.00186212
22.14	0.990869	0.00726279	0.00186792
22.17	0.990844	0.0072822	0.00187374
22.2	0.990819	0.00730165	0.00187957
22.23	0.990793	0.00732116	0.00188542
22.26	0.990768	0.00734071	0.00189129
22.29	0.990743	0.00736032	0.00189717
22.32	0.990717	0.00737998	0.00190306
22.35	0.990691	0.00739969	0.00190898
22.38	0.990666	0.00741946	0.0019149
22.41	0.99064	0.00743928	0.00192085
22.44	0.990614	0.00745914	0.00192681
22.47	0.990588	0.00747906	0.00193278
22.5	0.990562	0.00749904	0.00193877
22.53	0.990536	0.00751906	0.00194478
22.56	0.99051	0.00753914	0.0019508
22.59	0.990484	0.00755927	0.00195684
22.62	0.990458	0.00757946	0.0019629
22.65	0.990431	0.0075997	0.00196897
22.68	0.990405	0.00761999	0.00197506
22.71	0.990379	0.00764033	0.00198116
22.74	0.990352	0.00766073	0.00198728
22.77	0.990325	0.00768118	0.00199342
22.8	0.990299	0.00770169	0.00199957
22.83	0.990272	0.00772225	0.00200574
22.86	0.990245	0.00774286	0.00201193
22.89	0.990218	0.00776353	0.00201813
22.92	0.990191	0.00778426	0.00202435
22.95	0.990164	0.00780503	0.00203058
22.98	0.990137	0.00782587	0.00203684
23.01	0.99011	0.00784675	0.00204311
23.04	0.990083	0.0078677	0.00204939
23.07	0.990056	0.00788869	0.00205569
23.1	0.990028	0.00790974	0.00206201
23.13	0.990001	0.00793085	0.00206835
23.16	0.989973	0.00795202	0.0020747
23.19	0.989946	0.00797324	0.00208107
23.22	0.989918	0.00799451	0.00208746
23.25	0.98989	0.00801584	0.00209386
23.28	0.989862	0.00803723	0.00210029
23.31	0.989835	0.00805867	0.00210672
23.34	0.989807	0.00808017	0.00211318
23.37	0.989779	0.00810173	0.00211965
23.4	0.989751	0.00812334	0.00212614
23.43	0.989722	0.00814501	0.00213265
23.46	0.989694	0.00816674	0.00213917
23.49	0.989666	0.00818852	0.00214572
23.52	0.989637	0.00821037	0.00215228
23.55	0.989609	0.00823226	0.00215885
23.58	0.98958	0.00825422	0.00216545
23.61	0.989552	0.00827623	0.00217206
23.64	0.989523	0.00829831	0.00217869
23.67	0.989494	0.00832044	0.00218534
23.7	0.989465	0.00834263	0.002192
23.73	0.989436	0.00836487	0.00219869
23.76	0.989407	0.00838718	0.00220539
23.79	0.989378	0.00840954	0.0022121
23.82	0.989349	0.00843196	0.00221884
23.85	0.98932	0.00845445	0.0022256
23.88	0.989291	0.00847699	0.00223237
23.91	0.989261	0.00849959	0.00223916
23.94	0.989232	0.00852224	0.00224597
23.97	0.989202	0.00854496	0.00225279
24	0.989173	0.00856774	0.00225964
24.03	0.989143	0.00859058	0.0022665
24.06	0.989113	0.00861348	0.00227338
24.09	0.989083	0.00863644	0.00228028
24.12	0.989053	0.00865945	0.0022872
24.15	0.989023	0.00868253	0.00229414
24.18	0.988993	0.00870567	0.0023011
24.21	0.988963	0.00872887	0.00230807
24.24	0.988933	0.00875213	0.00231506
24.27	0.988902	0.00877546	0.00232207
24.3	0.988872	0.00879884	0.0023291
24.33	0.988842	0.00882229	0.00233615
24.36	0.988811	0.00884579	0.00234322
24.39	0.98878	0.00886936	0.0023503
24.42	0.98875	0.00889299	0.00235741
24.45	0.988719	0.00891668	0.00236453
24.48	0.988688	0.00894044	0.00237168
24.51	0.988657	0.00896425	0.00237884
24.54	0.988626	0.00898813	0.00238602
24.57	0.988595	0.00901207	0.00239322
24.6	0.988563	0.00903608	0.00240044
24.63	0.988532	0.00906014	0.00240768
24.66	0.988501	0.00908427	0.00241493
24.69	0.988469	0.00910847	0.00242221
24.72	0.988438	0.00913273	0.00242951
24.75	0.988406	0.00915705	0.00243682
24.78	0.988374	0.00918143	0.00244416
24.81	0.988343	0.00920588	0.00245151
24.84	0.988311	0.00923039	0.00245889
24.87	0.988279	0.00925497	0.00246628
24.9	0.988247	0.00927961	0.0024737
24.93	0.988215	0.00930431	0.00248113
24.96	0.988182	0.00932908	0.00248858
24.99	0.98815	0.00935392	0.00249606
25.02	0.988118	0.00937882	0.00250355
25.05	0.988085	0.00940378	0.00251106
25.08	0.988053	0.00942882	0.0025186
25.11	0.98802	0.00945391	0.00252615
25.14	0.987987	0.00947907	0.00253372
25.17	0.987954	0.0095043	0.00254131
25.2	0.987921	0.0095296	0.00254893
25.23	0.987888	0.00955496	0.00255656
25.26	0.987855	0.00958038	0.00256422
25.29	0.987822	0.00960588	0.00257189
25.32	0.987789	0.00963144	0.00257959
25.35	0.987756	0.00965706	0.0025873
25.38	0.987722	0.00968276	0.00259504
25.41	0.987689	0.00970852	0.00260279
25.44	0.987655	0.00973435	0.00261057
25.47	0.987621	0.00976024	0.00261837
25.5	0.987588	0.0097862	0.00262619
25.53	0.987554	0.00981224	0.00263403
25.56	0.98752	0.00983834	0.00264189
25.59	0.987486	0.0098645	0.00264977
25.62	0.987452	0.00989074	0.00265767
25.65	0.987417	0.00991705	0.00266559
25.68	0.987383	0.00994342	0.00267354
25.71	0.987349	0.00996986	0.0026815
25.74	0.987314	0.00999637	0.00268949
25.77	0.98728	0.010023	0.0026975
25.8	0.987245	0.0100496	0.00270553
25.83	0.98721	0.0100763	0.00271358
25.86	0.987175	0.0101031	0.00272165
25.89	0.98714	0.01013	0.00272974
25.92	0.987105	0.0101569	0.00273786
25.95	0.98707	0.0101839	0.00274599
25.98	0.987035	0.010211	0.00275415
26.01	0.987	0.0102381	0.00276233
26.04	0.986964	0.0102653	0.00277053
26.07	0.986929	0.0102926	0.00277875
26.1	0.986893	0.01032	0.002787
26.13	0.986857	0.0103474	0.00279527
26.16	0.986822	0.0103749	0.00280356
26.19	0.986786	0.0104025	0.00281187
26.22	0.98675	0.0104301	0.0028202
26.25	0.986714	0.0104578	0.00282855
26.28	0.986677	0.0104856	0.00283693
26.31	0.986641	0.0105135	0.00284533
26.34	0.986605	0.0105414	0.00285375
26.37	0.986568	0.0105694	0.0028622
26.4	0.986532	0.0105975	0.00287066
26.43	0.986495	0.0106256	0.00287915
26.46	0.986458	0.0106538	0.00288767
26.49	0.986422	0.0106821	0.0028962
26.52	0.986385	0.0107105	0.00290476
26.55	0.986348	0.010739	0.00291334
26.58	0.986311	0.0107675	0.00292194
26.61	0.986273	0.0107961	0.00293056
26.64	0.986236	0.0108247	0.00293921
26.67	0.986199	0.0108535	0.00294788
26.7	0.986161	0.0108823	0.00295658
26.73	0.986124	0.0109112	0.0029653
26.76	0.986086	0.0109402	0.00297404
26.79	0.986048	0.0109692	0.0029828
26.82	0.98601	0.0109983	0.00299159
26.85	0.985972	0.0110275	0.0030004
26.88	0.985934	0.0110568	0.00300923
26.91	0.985896	0.0110861	0.00301809
26.94	0.985857	0.0111156	0.00302697
26.97	0.985819	0.0111451	0.00303587
27	0.985781	0.0111746	0.0030448
27.03	0.985742	0.0112043	0.00305375
27.06	0.985703	0.011234	0.00306273
27.09	0.985664	0.0112638	0.00307173
27.12	0.985626	0.0112937	0.00308075
27.15	0.985587	0.0113237	0.0030898
27.18	0.985547	0.0113537	0.00309887
27.21	0.985508	0.0113838	0.00310796
27.24	0.985469	0.011414	0.00311708
27.27	0.985429	0.0114443	0.00312623
27.3	0.98539	0.0114747	0.00313539
27.33	0.98535	0.0115051	0.00314459
27.36	0.985311	0.0115356	0.0031538
27.39	0.985271	0.0115662	0.00316304
27.42	0.985231	0.0115969	0.00317231
27.45	0.985191	0.0116276	0.0031816
27.48	0.985151	0.0116585	0.00319091
27.51	0.98511	0.0116894	0.00320025
27.54	0.98507	0.0117204	0.00320961
27.57	0.98503	0.0117514	0.003219
27.6	0.984989	0.0117826	0.00322842
27.63	0.984948	0.0118138	0.00323786
27.66	0.984908	0.0118452	0.00324732
27.69	0.984867	0.0118765	0.00325681
27.72	0.984826	0.011908	0.00326632
27.75	0.984785	0.0119396	0.00327586
27.78	0.984743	0.0119712	0.00328543
27.81	0.984702	0.012003	0.00329501
27.84	0.984661	0.0120348	0.00330463
27.87	0.984619	0.0120666	0.00331427
27.9	0.984577	0.0120986	0.00332394
27.93	0.984536	0.0121307	0.00333363
27.96	0.984494	0.0121628	0.00334335
27.99	0.984452	0.012195	0.00335309
28.02	0.98441	0.0122273	0.00336286
28.05	0.984368	0.0122597	0.00337265
28.08	0.984325	0.0122922	0.00338247
28.11	0.984283	0.0123248	0.00339232
28.14	0.98424	0.0123574	0.00340219
28.17	0.984198	0.0123901	0.00341209
28.2	0.984155	0.0124229	0.00342202
28.23	0.984112	0.0124558	0.00343197
28.26	0.984069	0.0124888	0.00344195
28.29	0.984026	0.0125219	0.00345195
28.32	0.983983	0.012555	0.00346198
28.35	0.98394	0.0125883	0.00347204
28.38	0.983896	0.0126216	0.00348212
28.41	0.983853	0.012655	0.00349223
28.44	0.983809	0.0126885	0.00350237
28.47	0.983765	0.0127221	0.00351254
28.5	0.983722	0.0127558	0.00352273
28.53	0.983678	0.0127895	0.00353294
28.56	0.983633	0.0128234	0.00354319
28.59	0.983589	0.0128573	0.00355346
28.62	0.983545	0.0128913	0.00356376
28.65	0.9835	0.0129254	0.00357409
28.68	0.983456	0.0129596	0.00358444
28.71	0.983411	0.0129939	0.00359482
28.74	0.983366	0.0130283	0.00360523
28.77	0.983322	0.0130627	0.00361567
28.8	0.983277	0.0130973	0.00362613
28.83	0.983231	0.0131319	0.00363662
28.86	0.983186	0.0131667	0.00364714
28.89	0.983141	0.0132015	0.00365769
28.92	0.983095	0.0132364	0.00366827
28.95	0.98305	0.0132714	0.00367887
28.98	0.983004	0.0133065	0.0036895
29.01	0.982958	0.0133417	0.00370016
29.04	0.982912	0.0133769	0.00371085
29.07	0.982866	0.0134123	0.00372156
29.1	0.98282	0.0134477	0.00373231
29.13	0.982774	0.0134833	0.00374308
29.16	0.982727	0.0135189	0.00375388
29.19	0.982681	0.0135547	0.00376471
29.22	0.982634	0.0135905	0.00377557
29.25	0.982587	0.0136264	0.00378645
29.28	0.98254	0.0136624	0.00379737
29.31	0.982493	0.0136985	0.00380831
29.34	0.982446	0.0137347	0.00381929
29.37	0.982399	0.013771	0.00383029
29.4	0.982351	0.0138074	0.00384132
29.43	0.982304	0.0138438	0.00385238
29.46	0.982256	0.0138804	0.00386347
29.49	0.982208	0.0139171	0.00387459
29.52	0.98216	0.0139538	0.00388574
29.55	0.982112	0.0139907	0.00389692
29.58	0.982064	0.0140276	0.00390812
29.61	0.982016	0.0140647	0.00391936
29.64	0.981968	0.0141018	0.00393063
29.67	0.981919	0.014139	0.00394192
29.7	0.98187	0.0141764	0.00395325
29.73	0.981822	0.0142138	0.00396461
29.76	0.981773	0.0142513	0.00397599
29.79	0.981724	0.0142889	0.00398741
29.82	0.981675	0.0143266	0.00399885
29.85	0.981625	0.0143645	0.00401033
29.88	0.981576	0.0144024	0.00402184
29.91	0.981526	0.0144404	0.00403337
29.94	0.981477	0.0144785	0.00404494
29.97	0.981427	0.0145167	0.00405654
30	0.981377	0.014555	0.00406817
30.03	0.981327	0.0145934	0.00407983
30.06	0.981277	0.0146319	0.00409152
30.09	0.981226	0.0146705	0.00410324
30.12	0.981176	0.0147092	0.00411499
30.15	0.981125	0.014748	0.00412677
30.18	0.981075	0.0147869	0.00413859
30.21	0.981024	0.0148258	0.00415043
30.24	0.980973	0.0148649	0.00416231
30.27	0.980922	0.0149041	0.00417422
30.3	0.98087	0.0149434	0.00418616
30.33	0.980819	0.0149828	0.00419813
30.36	0.980768	0.0150223	0.00421013
30.39	0.980716	0.0150619	0.00422216
30.42	0.980664	0.0151016	0.00423423
30.45	0.980612	0.0151414	0.00424632
30.48	0.98056	0.0151813	0.00425845
30.51	0.980508	0.0152213	0.00427061
30.54	0.980456	0.0152615	0.00428281
30.57	0.980403	0.0153017	0.00429503
30.6	0.980351	0.015342	0.00430729
30.63	0.980298	0.0153824	0.00431958
30.66	0.980245	0.0154229	0.0043319
30.69	0.980192	0.0154636	0.00434426
30.72	0.980139	0.0155043	0.00435664
30.75	0.980086	0.0155451	0.00436906
30.78	0.980032	0.0155861	0.00438152
30.81	0.979979	0.0156271	0.004394
30.84	0.979925	0.0156683	0.00440652
30.87	0.979871	0.0157095	0.00441907
30.9	0.979817	0.0157509	0.00443165
30.93	0.979763	0.0157924	0.00444427
30.96	0.979709	0.0158339	0.00445692
30.99	0.979655	0.0158756	0.00446961
31.02	0.9796	0.0159174	0.00448232
31.05	0.979546	0.0159593	0.00449507
31.08	0.979491	0.0160013	0.00450786
31.11	0.979436	0.0160434	0.00452068
31.14	0.979381	0.0160856	0.00453353
31.17	0.979326	0.0161279	0.00454641
31.2	0.97927	0.0161704	0.00455933
31.23	0.979215	0.0162129	0.00457229
31.26	0.979159	0.0162556	0.00458527
31.29	0.979103	0.0162983	0.00459829
31.32	0.979047	0.0163412	0.00461135
31.35	0.978991	0.0163842	0.00462444
31.38	0.978935	0.0164273	0.00463757
31.41	0.978879	0.0164705	0.00465072
31.44	0.978822	0.0165138	0.00466392
31.47	0.978766	0.0165572	0.00467715
31.5	0.978709	0.0166007	0.00469041
31.53	0.978652	0.0166443	0.00470371
31.56	0.978595	0.0166881	0.00471704
31.59	0.978538	0.016732	0.00473041
31.62	0.97848	0.0167759	0.00474381
31.65	0.978423	0.01682	0.00475725
31.68	0.978365	0.0168642	0.00477072
31.71	0.978307	0.0169085	0.00478423
31.74	0.978249	0.016953	0.00479778
31.77	0.978191	0.0169975	0.00481136
31.8	0.978133	0.0170422	0.00482497
31.83	0.978074	0.0170869	0.00483863
31.86	0.978016	0.0171318	0.00485231
31.89	0.977957	0.0171768	0.00486604
31.92	0.977898	0.0172219	0.0048798
31.95	0.977839	0.0172671	0.00489359
31.98	0.97778	0.0173125	0.00490742
32.01	0.977721	0.0173579	0.00492129
32.04	0.977661	0.0174035	0.0049352
32.07	0.977602	0.0174492	0.00494914
32.1	0.977542	0.017495	0.00496311
32.13	0.977482	0.0175409	0.00497713
32.16	0.977422	0.0175869	0.00499118
32.19	0.977362	0.0176331	0.00500527
32.22	0.977301	0.0176794	0.00501939
32.25	0.977241	0.0177258	0.00503355
32.28	0.97718	0.0177723	0.00504775
32.31	0.977119	0.0178189	0.00506199
32.34	0.977058	0.0178656	0.00507626
32.37	0.976997	0.0179125	0.00509058
32.4	0.976936	0.0179595	0.00510492
32.43	0.976874	0.0180066	0.00511931
32.46	0.976812	0.0180538	0.00513373
32.49	0.976751	0.0181011	0.0051482
32.52	0.976689	0.0181486	0.0051627
32.55	0.976627	0.0181962	0.00517723
32.58	0.976564	0.0182439	0.00519181
32.61	0.976502	0.0182917	0.00520642
32.64	0.976439	0.0183396	0.00522108
32.67	0.976377	0.0183877	0.00523577
32.7	0.976314	0.0184359	0.0052505
32.73	0.976251	0.0184842	0.00526527
32.76	0.976187	0.0185326	0.00528007
32.79	0.976124	0.0185812	0.00529492
32.82	0.97606	0.0186299	0.0053098
