0	0.999	0.001	8.67362e-19
0.01	0.998996	0.0010027	8.0108e-07
0.02	0.998993	0.00100541	1.60432e-06
0.03	0.998989	0.00100812	2.40973e-06
0.04	0.998986	0.00101084	3.21732e-06
0.05	0.998982	0.00101357	4.02709e-06
0.06	0.998979	0.00101631	4.83904e-06
0.07	0.998975	0.00101905	5.65318e-06
0.08	0.998972	0.00102181	6.46953e-06
0.09	0.998968	0.00102456	7.28808e-06
0.1	0.998965	0.00102733	8.10883e-06
0.11	0.998961	0.00103011	8.93181e-06
0.12	0.998957	0.00103289	9.757e-06
0.13	0.998954	0.00103568	1.05844e-05
0.14	0.99895	0.00103847	1.14141e-05
0.15	0.998946	0.00104128	1.2246e-05
0.16	0.998943	0.00104409	1.30801e-05
0.17	0.998939	0.00104691	1.39165e-05
0.18	0.998936	0.00104973	1.47552e-05
0.19	0.998932	0.00105257	1.55961e-05
0.2	0.998928	0.00105541	1.64393e-05
0.21	0.998924	0.00105826	1.72848e-05
0.22	0.998921	0.00106111	1.81325e-05
0.23	0.998917	0.00106398	1.89825e-05
0.24	0.998913	0.00106685	1.98349e-05
0.25	0.99891	0.00106973	2.06895e-05
0.26	0.998906	0.00107262	2.15464e-05
0.27	0.998902	0.00107552	2.24057e-05
0.28	0.998898	0.00107842	2.32673e-05
0.29	0.998895	0.00108133	2.41312e-05
0.3	0.998891	0.00108425	2.49974e-05
0.31	0.998887	0.00108718	2.5866e-05
0.32	0.998883	0.00109011	2.67369e-05
0.33	0.998879	0.00109306	2.76102e-05
0.34	0.998876	0.00109601	2.84858e-05
0.35	0.998872	0.00109897	2.93638e-05
0.36	0.998868	0.00110193	3.02441e-05
0.37	0.998864	0.00110491	3.11269e-05
0.38	0.99886	0.00110789	3.2012e-05
0.39	0.998856	0.00111088	3.28995e-05
0.4	0.998852	0.00111388	3.37894e-05
0.41	0.998848	0.00111689	3.46817e-05
0.42	0.998845	0.0011199	3.55764e-05
0.43	0.998841	0.00112293	3.64736e-05
0.44	0.998837	0.00112596	3.73731e-05
0.45	0.998833	0.001129	3.82751e-05
0.46	0.998829	0.00113204	3.91795e-05
0.47	0.998825	0.0011351	4.00864e-05
0.48	0.998821	0.00113816	4.09957e-05
0.49	0.998817	0.00114124	4.19074e-05
0.5	0.998813	0.00114432	4.28216e-05
0.51	0.998809	0.00114741	4.37383e-05
0.52	0.998805	0.0011505	4.46575e-05
0.53	0.998801	0.00115361	4.55791e-05
0.54	0.998797	0.00115672	4.65033e-05
0.55	0.998793	0.00115985	4.74299e-05
0.56	0.998789	0.00116298	4.8359e-05
0.57	0.998785	0.00116612	4.92907e-05
0.58	0.998781	0.00116926	5.02248e-05
0.59	0.998776	0.00117242	5.11615e-05
0.6	0.998772	0.00117559	5.21007e-05
0.61	0.998768	0.00117876	5.30424e-05
0.62	0.998764	0.00118194	5.39867e-05
0.63	0.99876	0.00118513	5.49336e-05
0.64	0.998756	0.00118833	5.58829e-05
0.65	0.998752	0.00119154	5.68349e-05
0.66	0.998747	0.00119475	5.77894e-05
0.67	0.998743	0.00119798	5.87465e-05
0.68	0.998739	0.00120121	5.97062e-05
0.69	0.998735	0.00120446	6.06684e-05
0.7	0.998731	0.00120771	6.16333e-05
0.71	0.998726	0.00121097	6.26008e-05
0.72	0.998722	0.00121423	6.35708e-05
0.73	0.998718	0.00121751	6.45435e-05
0.74	0.998714	0.0012208	6.55189e-05
0.75	0.998709	0.00122409	6.64968e-05
0.76	0.998705	0.0012274	6.74774e-05
0.77	0.998701	0.00123071	6.84607e-05
0.78	0.998697	0.00123403	6.94466e-05
0.79	0.998692	0.00123736	7.04351e-05
0.8	0.998688	0.0012407	7.14263e-05
0.81	0.998684	0.00124405	7.24202e-05
0.82	0.998679	0.00124741	7.34168e-05
0.83	0.998675	0.00125078	7.44161e-05
0.84	0.99867	0.00125415	7.54181e-05
0.85	0.998666	0.00125754	7.64227e-05
0.86	0.998662	0.00126093	7.74301e-05
0.87	0.998657	0.00126433	7.84402e-05
0.88	0.998653	0.00126775	7.94531e-05
0.89	0.998648	0.00127117	8.04686e-05
0.9	0.998644	0.0012746	8.14869e-05
0.91	0.998639	0.00127804	8.2508e-05
0.92	0.998635	0.00128149	8.35318e-05
0.93	0.99863	0.00128495	8.45584e-05
0.94	0.998626	0.00128841	8.55877e-05
0.95	0.998621	0.00129189	8.66198e-05
0.96	0.998617	0.00129538	8.76547e-05
0.97	0.998612	0.00129887	8.86924e-05
0.98	0.998608	0.00130238	8.97329e-05
0.99	0.998603	0.00130589	9.07763e-05
1	0.998599	0.00130942	9.18224e-05
1.01	0.998594	0.00131295	9.28713e-05
1.02	0.99859	0.0013165	9.39231e-05
1.03	0.998585	0.00132005	9.49777e-05
1.04	0.99858	0.00132361	9.60352e-05
1.05	0.998576	0.00132718	9.70955e-05
1.06	0.998571	0.00133076	9.81587e-05
1.07	0.998566	0.00133436	9.92247e-05
1.08	0.998562	0.00133796	0.000100294
1.09	0.998557	0.00134157	0.000101365
1.1	0.998552	0.00134519	0.00010244
1.11	0.998548	0.00134882	0.000103518
1.12	0.998543	0.00135246	0.000104598
1.13	0.998538	0.00135611	0.000105682
1.14	0.998533	0.00135977	0.000106768
1.15	0.998529	0.00136344	0.000107857
1.16	0.998524	0.00136711	0.00010895
1.17	0.998519	0.0013708	0.000110045
1.18	0.998514	0.0013745	0.000111143
1.19	0.99851	0.00137821	0.000112244
1.2	0.998505	0.00138193	0.000113348
1.21	0.9985	0.00138566	0.000114455
1.22	0.998495	0.0013894	0.000115565
1.23	0.99849	0.00139315	0.000116678
1.24	0.998485	0.00139691	0.000117794
1.25	0.99848	0.00140068	0.000118913
1.26	0.998476	0.00140446	0.000120035
1.27	0.998471	0.00140825	0.00012116
1.28	0.998466	0.00141205	0.000122288
1.29	0.998461	0.00141586	0.00012342
1.3	0.998456	0.00141968	0.000124554
1.31	0.998451	0.00142351	0.000125691
1.32	0.998446	0.00142735	0.000126831
1.33	0.998441	0.0014312	0.000127975
1.34	0.998436	0.00143506	0.000129121
1.35	0.998431	0.00143893	0.000130271
1.36	0.998426	0.00144281	0.000131424
1.37	0.998421	0.00144671	0.000132579
1.38	0.998416	0.00145061	0.000133738
1.39	0.998411	0.00145452	0.0001349
1.4	0.998405	0.00145845	0.000136066
1.41	0.9984	0.00146238	0.000137234
1.42	0.998395	0.00146633	0.000138405
1.43	0.99839	0.00147029	0.00013958
1.44	0.998385	0.00147425	0.000140758
1.45	0.99838	0.00147823	0.000141939
1.46	0.998375	0.00148222	0.000143123
1.47	0.998369	0.00148622	0.00014431
1.48	0.998364	0.00149023	0.000145501
1.49	0.998359	0.00149425	0.000146695
1.5	0.998354	0.00149828	0.000147892
1.51	0.998349	0.00150232	0.000149092
1.52	0.998343	0.00150637	0.000150295
1.53	0.998338	0.00151044	0.000151502
1.54	0.998333	0.00151451	0.000152712
1.55	0.998327	0.0015186	0.000153925
1.56	0.998322	0.0015227	0.000155142
1.57	0.998317	0.0015268	0.000156362
1.58	0.998311	0.00153092	0.000157585
1.59	0.998306	0.00153505	0.000158811
1.6	0.998301	0.00153919	0.000160041
1.61	0.998295	0.00154335	0.000161274
1.62	0.99829	0.00154751	0.00016251
1.63	0.998285	0.00155168	0.00016375
1.64	0.998279	0.00155587	0.000164993
1.65	0.998274	0.00156007	0.000166239
1.66	0.998268	0.00156427	0.000167489
1.67	0.998263	0.00156849	0.000168742
1.68	0.998257	0.00157273	0.000169999
1.69	0.998252	0.00157697	0.000171259
1.7	0.998246	0.00158122	0.000172522
1.71	0.998241	0.00158549	0.000173788
1.72	0.998235	0.00158976	0.000175059
1.73	0.99823	0.00159405	0.000176332
1.74	0.998224	0.00159835	0.000177609
1.75	0.998218	0.00160266	0.000178889
1.76	0.998213	0.00160699	0.000180173
1.77	0.998207	0.00161132	0.000181461
1.78	0.998202	0.00161567	0.000182751
1.79	0.998196	0.00162003	0.000184046
1.8	0.99819	0.0016244	0.000185343
1.81	0.998185	0.00162878	0.000186645
1.82	0.998179	0.00163317	0.00018795
1.83	0.998173	0.00163757	0.000189258
1.84	0.998167	0.00164199	0.00019057
1.85	0.998162	0.00164642	0.000191885
1.86	0.998156	0.00165086	0.000193204
1.87	0.99815	0.00165531	0.000194526
1.88	0.998144	0.00165978	0.000195852
1.89	0.998139	0.00166426	0.000197182
1.9	0.998133	0.00166874	0.000198515
1.91	0.998127	0.00167324	0.000199852
1.92	0.998121	0.00167776	0.000201192
1.93	0.998115	0.00168228	0.000202536
1.94	0.998109	0.00168682	0.000203884
1.95	0.998103	0.00169137	0.000205235
1.96	0.998097	0.00169593	0.00020659
1.97	0.998092	0.0017005	0.000207949
1.98	0.998086	0.00170509	0.000209311
1.99	0.99808	0.00170969	0.000210677
2	0.998074	0.0017143	0.000212047
2.01	0.998068	0.00171892	0.00021342
2.02	0.998062	0.00172356	0.000214797
2.03	0.998056	0.00172821	0.000216178
2.04	0.99805	0.00173287	0.000217562
2.05	0.998044	0.00173754	0.00021895
2.06	0.998037	0.00174223	0.000220342
2.07	0.998031	0.00174692	0.000221738
2.08	0.998025	0.00175164	0.000223137
2.09	0.998019	0.00175636	0.00022454
2.1	0.998013	0.0017611	0.000225947
2.11	0.998007	0.00176584	0.000227358
2.12	0.998001	0.00177061	0.000228773
2.13	0.997994	0.00177538	0.000230191
2.14	0.997988	0.00178017	0.000231613
2.15	0.997982	0.00178497	0.000233039
2.16	0.997976	0.00178978	0.000234469
2.17	0.997969	0.00179461	0.000235903
2.18	0.997963	0.00179945	0.000237341
2.19	0.997957	0.0018043	0.000238782
2.2	0.997951	0.00180917	0.000240228
2.21	0.997944	0.00181404	0.000241677
2.22	0.997938	0.00181894	0.00024313
2.23	0.997932	0.00182384	0.000244587
2.24	0.997925	0.00182876	0.000246048
2.25	0.997919	0.00183369	0.000247513
2.26	0.997912	0.00183863	0.000248982
2.27	0.997906	0.00184359	0.000250455
2.28	0.9979	0.00184856	0.000251932
2.29	0.997893	0.00185355	0.000253413
2.3	0.997887	0.00185854	0.000254897
2.31	0.99788	0.00186355	0.000256386
2.32	0.997874	0.00186858	0.000257879
2.33	0.997867	0.00187362	0.000259376
2.34	0.99786	0.00187867	0.000260877
2.35	0.997854	0.00188373	0.000262382
2.36	0.997847	0.00188881	0.000263891
2.37	0.997841	0.0018939	0.000265404
2.38	0.997834	0.00189901	0.000266921
2.39	0.997827	0.00190413	0.000268442
2.4	0.997821	0.00190926	0.000269968
2.41	0.997814	0.00191441	0.000271497
2.42	0.997807	0.00191957	0.000273031
2.43	0.997801	0.00192475	0.000274569
2.44	0.997794	0.00192994	0.00027611
2.45	0.997787	0.00193514	0.000277656
2.46	0.99778	0.00194036	0.000279207
2.47	0.997774	0.00194559	0.000280761
2.48	0.997767	0.00195083	0.00028232
2.49	0.99776	0.00195609	0.000283882
2.5	0.997753	0.00196136	0.000285449
2.51	0.997746	0.00196665	0.000287021
2.52	0.997739	0.00197195	0.000288596
2.53	0.997733	0.00197727	0.000290176
2.54	0.997726	0.0019826	0.00029176
2.55	0.997719	0.00198794	0.000293348
2.56	0.997712	0.0019933	0.00029494
2.57	0.997705	0.00199868	0.000296537
2.58	0.997698	0.00200406	0.000298138
2.59	0.997691	0.00200946	0.000299744
2.6	0.997684	0.00201488	0.000301353
2.61	0.997677	0.00202031	0.000302967
2.62	0.99767	0.00202576	0.000304586
2.63	0.997663	0.00203122	0.000306209
2.64	0.997655	0.00203669	0.000307836
2.65	0.997648	0.00204218	0.000309467
2.66	0.997641	0.00204769	0.000311103
2.67	0.997634	0.00205321	0.000312744
2.68	0.997627	0.00205874	0.000314388
2.69	0.99762	0.00206429	0.000316038
2.7	0.997612	0.00206985	0.000317691
2.71	0.997605	0.00207543	0.000319349
2.72	0.997598	0.00208103	0.000321012
2.73	0.997591	0.00208664	0.000322679
2.74	0.997583	0.00209226	0.000324351
2.75	0.997576	0.0020979	0.000326027
2.76	0.997569	0.00210355	0.000327707
2.77	0.997561	0.00210922	0.000329392
2.78	0.997554	0.00211491	0.000331082
2.79	0.997547	0.00212061	0.000332776
2.8	0.997539	0.00212632	0.000334475
2.81	0.997532	0.00213205	0.000336178
2.82	0.997524	0.0021378	0.000337886
2.83	0.997517	0.00214356	0.000339599
2.84	0.997509	0.00214934	0.000341316
2.85	0.997502	0.00215513	0.000343038
2.86	0.997494	0.00216094	0.000344764
2.87	0.997487	0.00216676	0.000346495
2.88	0.997479	0.0021726	0.000348231
2.89	0.997472	0.00217845	0.000349971
2.9	0.997464	0.00218432	0.000351717
2.91	0.997456	0.00219021	0.000353466
2.92	0.997449	0.00219611	0.000355221
2.93	0.997441	0.00220203	0.00035698
2.94	0.997433	0.00220796	0.000358744
2.95	0.997426	0.00221391	0.000360513
2.96	0.997418	0.00221988	0.000362286
2.97	0.99741	0.00222586	0.000364065
2.98	0.997402	0.00223186	0.000365848
2.99	0.997394	0.00223787	0.000367636
3	0.997387	0.0022439	0.000369428
3.01	0.997379	0.00224995	0.000371226
3.02	0.997371	0.00225601	0.000373028
3.03	0.997363	0.00226209	0.000374836
3.04	0.997355	0.00226818	0.000376648
3.05	0.997347	0.00227429	0.000378465
3.06	0.997339	0.00228042	0.000380287
3.07	0.997331	0.00228657	0.000382113
3.08	0.997323	0.00229273	0.000383945
3.09	0.997315	0.0022989	0.000385782
3.1	0.997307	0.0023051	0.000387623
3.11	0.997299	0.00231131	0.00038947
3.12	0.997291	0.00231753	0.000391321
3.13	0.997283	0.00232378	0.000393178
3.14	0.997275	0.00233004	0.000395039
3.15	0.997267	0.00233632	0.000396906
3.16	0.997259	0.00234261	0.000398778
3.17	0.99725	0.00234892	0.000400654
3.18	0.997242	0.00235525	0.000402536
3.19	0.997234	0.00236159	0.000404423
3.2	0.997226	0.00236796	0.000406314
3.21	0.997217	0.00237434	0.000408211
3.22	0.997209	0.00238073	0.000410113
3.23	0.997201	0.00238714	0.00041202
3.24	0.997192	0.00239357	0.000413933
3.25	0.997184	0.00240002	0.00041585
3.26	0.997176	0.00240649	0.000417773
3.27	0.997167	0.00241297	0.000419701
3.28	0.997159	0.00241947	0.000421634
3.29	0.99715	0.00242599	0.000423572
3.3	0.997142	0.00243252	0.000425515
3.31	0.997133	0.00243907	0.000427464
3.32	0.997125	0.00244564	0.000429418
3.33	0.997116	0.00245223	0.000431377
3.34	0.997108	0.00245884	0.000433341
3.35	0.997099	0.00246546	0.000435311
3.36	0.997091	0.0024721	0.000437286
3.37	0.997082	0.00247876	0.000439266
3.38	0.997073	0.00248543	0.000441252
3.39	0.997065	0.00249213	0.000443243
3.4	0.997056	0.00249884	0.000445239
3.41	0.997047	0.00250557	0.000447241
3.42	0.997038	0.00251232	0.000449248
3.43	0.99703	0.00251909	0.000451261
3.44	0.997021	0.00252587	0.000453279
3.45	0.997012	0.00253267	0.000455302
3.46	0.997003	0.00253949	0.000457331
3.47	0.996994	0.00254633	0.000459365
3.48	0.996985	0.00255319	0.000461405
3.49	0.996976	0.00256007	0.000463451
3.5	0.996968	0.00256696	0.000465501
3.51	0.996959	0.00257387	0.000467558
3.52	0.99695	0.0025808	0.00046962
3.53	0.996941	0.00258775	0.000471687
3.54	0.996932	0.00259472	0.00047376
3.55	0.996922	0.00260171	0.000475839
3.56	0.996913	0.00260872	0.000477923
3.57	0.996904	0.00261574	0.000480013
3.58	0.996895	0.00262278	0.000482108
3.59	0.996886	0.00262985	0.000484209
3.6	0.996877	0.00263693	0.000486316
3.61	0.996868	0.00264403	0.000488428
3.62	0.996858	0.00265115	0.000490546
3.63	0.996849	0.00265829	0.00049267
3.64	0.99684	0.00266544	0.000494799
3.65	0.99683	0.00267262	0.000496935
3.66	0.996821	0.00267982	0.000499076
3.67	0.996812	0.00268703	0.000501222
3.68	0.996802	0.00269427	0.000503375
3.69	0.996793	0.00270152	0.000505533
3.7	0.996784	0.00270879	0.000507697
3.71	0.996774	0.00271609	0.000509867
3.72	0.996765	0.0027234	0.000512043
3.73	0.996755	0.00273073	0.000514225
3.74	0.996746	0.00273808	0.000516412
3.75	0.996736	0.00274546	0.000518606
3.76	0.996726	0.00275285	0.000520805
3.77	0.996717	0.00276026	0.00052301
3.78	0.996707	0.00276769	0.000525221
3.79	0.996697	0.00277514	0.000527439
3.8	0.996688	0.00278261	0.000529662
3.81	0.996678	0.0027901	0.000531891
3.82	0.996668	0.00279761	0.000534126
3.83	0.996658	0.00280514	0.000536367
3.84	0.996649	0.00281269	0.000538614
3.85	0.996639	0.00282027	0.000540867
3.86	0.996629	0.00282786	0.000543126
3.87	0.996619	0.00283547	0.000545392
3.88	0.996609	0.0028431	0.000547663
3.89	0.996599	0.00285075	0.000549941
3.9	0.996589	0.00285843	0.000552224
3.91	0.996579	0.00286612	0.000554514
3.92	0.996569	0.00287384	0.00055681
3.93	0.996559	0.00288157	0.000559112
3.94	0.996549	0.00288933	0.000561421
3.95	0.996539	0.0028971	0.000563735
3.96	0.996529	0.0029049	0.000566056
3.97	0.996519	0.00291272	0.000568383
3.98	0.996509	0.00292056	0.000570716
3.99	0.996499	0.00292842	0.000573056
4	0.996488	0.0029363	0.000575402
4.01	0.996478	0.0029442	0.000577754
4.02	0.996468	0.00295213	0.000580113
4.03	0.996457	0.00296007	0.000582478
4.04	0.996447	0.00296804	0.000584849
4.05	0.996437	0.00297603	0.000587226
4.06	0.996426	0.00298403	0.00058961
4.07	0.996416	0.00299207	0.000592001
4.08	0.996405	0.00300012	0.000594398
4.09	0.996395	0.00300819	0.000596801
4.1	0.996385	0.00301629	0.000599211
4.11	0.996374	0.0030244	0.000601627
4.12	0.996363	0.00303254	0.00060405
4.13	0.996353	0.0030407	0.000606479
4.14	0.996342	0.00304888	0.000608915
4.15	0.996332	0.00305709	0.000611357
4.16	0.996321	0.00306531	0.000613806
4.17	0.99631	0.00307356	0.000616262
4.18	0.996299	0.00308183	0.000618724
4.19	0.996289	0.00309012	0.000621193
4.2	0.996278	0.00309844	0.000623668
4.21	0.996267	0.00310677	0.00062615
4.22	0.996256	0.00311513	0.000628639
4.23	0.996245	0.00312351	0.000631135
4.24	0.996234	0.00313192	0.000633637
4.25	0.996224	0.00314034	0.000636146
4.26	0.996213	0.00314879	0.000638661
4.27	0.996202	0.00315726	0.000641184
4.28	0.996191	0.00316576	0.000643713
4.29	0.996179	0.00317427	0.000646249
4.3	0.996168	0.00318281	0.000648792
4.31	0.996157	0.00319138	0.000651341
4.32	0.996146	0.00319996	0.000653898
4.33	0.996135	0.00320857	0.000656461
4.34	0.996124	0.0032172	0.000659032
4.35	0.996113	0.00322585	0.000661609
4.36	0.996101	0.00323453	0.000664193
4.37	0.99609	0.00324323	0.000666784
4.38	0.996079	0.00325196	0.000669382
4.39	0.996067	0.0032607	0.000671987
4.4	0.996056	0.00326947	0.000674599
4.41	0.996045	0.00327827	0.000677219
4.42	0.996033	0.00328709	0.000679845
4.43	0.996022	0.00329593	0.000682478
4.44	0.99601	0.00330479	0.000685118
4.45	0.995999	0.00331368	0.000687766
4.46	0.995987	0.00332259	0.00069042
4.47	0.995975	0.00333153	0.000693082
4.48	0.995964	0.00334049	0.00069575
4.49	0.995952	0.00334947	0.000698426
4.5	0.99594	0.00335848	0.00070111
4.51	0.995929	0.00336752	0.0007038
4.52	0.995917	0.00337657	0.000706498
4.53	0.995905	0.00338565	0.000709203
4.54	0.995893	0.00339476	0.000711915
4.55	0.995881	0.00340389	0.000714634
4.56	0.99587	0.00341304	0.000717361
4.57	0.995858	0.00342222	0.000720095
4.58	0.995846	0.00343142	0.000722837
4.59	0.995834	0.00344065	0.000725585
4.6	0.995822	0.0034499	0.000728342
4.61	0.99581	0.00345918	0.000731105
4.62	0.995798	0.00346848	0.000733876
4.63	0.995786	0.0034778	0.000736655
4.64	0.995773	0.00348716	0.000739441
4.65	0.995761	0.00349653	0.000742234
4.66	0.995749	0.00350593	0.000745035
4.67	0.995737	0.00351536	0.000747844
4.68	0.995725	0.00352481	0.00075066
4.69	0.995712	0.00353429	0.000753483
4.7	0.9957	0.00354379	0.000756315
4.71	0.995688	0.00355332	0.000759153
4.72	0.995675	0.00356287	0.000762
4.73	0.995663	0.00357245	0.000764854
4.74	0.99565	0.00358205	0.000767716
4.75	0.995638	0.00359168	0.000770585
4.76	0.995625	0.00360134	0.000773463
4.77	0.995613	0.00361102	0.000776348
4.78	0.9956	0.00362073	0.00077924
4.79	0.995587	0.00363046	0.000782141
4.8	0.995575	0.00364022	0.000785049
4.81	0.995562	0.00365001	0.000787965
4.82	0.995549	0.00365982	0.000790889
4.83	0.995537	0.00366965	0.000793821
4.84	0.995524	0.00367952	0.00079676
4.85	0.995511	0.00368941	0.000799708
4.86	0.995498	0.00369933	0.000802664
4.87	0.995485	0.00370927	0.000805627
4.88	0.995472	0.00371924	0.000808598
4.89	0.995459	0.00372923	0.000811578
4.9	0.995446	0.00373926	0.000814565
4.91	0.995433	0.00374931	0.000817561
4.92	0.99542	0.00375938	0.000820564
4.93	0.995407	0.00376949	0.000823576
4.94	0.995394	0.00377962	0.000826595
4.95	0.995381	0.00378978	0.000829623
4.96	0.995367	0.00379996	0.000832659
4.97	0.995354	0.00381017	0.000835703
4.98	0.995341	0.00382041	0.000838755
4.99	0.995328	0.00383068	0.000841816
5	0.995314	0.00384097	0.000844884
5.01	0.995301	0.00385129	0.000847961
5.02	0.995287	0.00386164	0.000851046
5.03	0.995274	0.00387202	0.00085414
5.04	0.99526	0.00388242	0.000857242
5.05	0.995247	0.00389285	0.000860352
5.06	0.995233	0.00390331	0.00086347
5.07	0.99522	0.0039138	0.000866597
5.08	0.995206	0.00392432	0.000869732
5.09	0.995192	0.00393486	0.000872876
5.1	0.995179	0.00394543	0.000876028
5.11	0.995165	0.00395603	0.000879189
5.12	0.995151	0.00396666	0.000882358
5.13	0.995137	0.00397732	0.000885535
5.14	0.995123	0.003988	0.000888721
5.15	0.995109	0.00399872	0.000891916
5.16	0.995095	0.00400946	0.000895119
5.17	0.995081	0.00402023	0.000898331
5.18	0.995067	0.00403103	0.000901552
5.19	0.995053	0.00404186	0.000904781
5.2	0.995039	0.00405272	0.000908019
5.21	0.995025	0.0040636	0.000911265
5.22	0.995011	0.00407452	0.00091452
5.23	0.994997	0.00408546	0.000917784
5.24	0.994983	0.00409644	0.000921057
5.25	0.994968	0.00410744	0.000924339
5.26	0.994954	0.00411847	0.000927629
5.27	0.99494	0.00412954	0.000930928
5.28	0.994925	0.00414063	0.000934236
5.29	0.994911	0.00415175	0.000937553
5.3	0.994896	0.0041629	0.000940879
5.31	0.994882	0.00417408	0.000944214
5.32	0.994867	0.00418529	0.000947558
5.33	0.994853	0.00419653	0.00095091
5.34	0.994838	0.0042078	0.000954272
5.35	0.994823	0.0042191	0.000957643
5.36	0.994809	0.00423043	0.000961023
5.37	0.994794	0.00424179	0.000964412
5.38	0.994779	0.00425318	0.00096781
5.39	0.994764	0.0042646	0.000971217
5.4	0.994749	0.00427605	0.000974633
5.41	0.994734	0.00428754	0.000978058
5.42	0.994719	0.00429905	0.000981493
5.43	0.994704	0.00431059	0.000984937
5.44	0.994689	0.00432217	0.00098839
5.45	0.994674	0.00433377	0.000991852
5.46	0.994659	0.00434541	0.000995324
5.47	0.994644	0.00435707	0.000998805
5.48	0.994629	0.00436877	0.0010023
5.49	0.994614	0.0043805	0.0010058
5.5	0.994598	0.00439226	0.0010093
5.51	0.994583	0.00440405	0.00101282
5.52	0.994568	0.00441588	0.00101635
5.53	0.994552	0.00442773	0.00101989
5.54	0.994537	0.00443962	0.00102344
5.55	0.994521	0.00445153	0.00102699
5.56	0.994506	0.00446348	0.00103056
5.57	0.99449	0.00447547	0.00103413
5.58	0.994475	0.00448748	0.00103772
5.59	0.994459	0.00449952	0.00104131
5.6	0.994443	0.0045116	0.00104492
5.61	0.994428	0.00452371	0.00104853
5.62	0.994412	0.00453585	0.00105216
5.63	0.994396	0.00454803	0.00105579
5.64	0.99438	0.00456023	0.00105943
5.65	0.994364	0.00457247	0.00106309
5.66	0.994349	0.00458475	0.00106675
5.67	0.994333	0.00459705	0.00107042
5.68	0.994317	0.00460939	0.0010741
5.69	0.9943	0.00462176	0.0010778
5.7	0.994284	0.00463416	0.0010815
5.71	0.994268	0.0046466	0.00108521
5.72	0.994252	0.00465907	0.00108893
5.73	0.994236	0.00467157	0.00109267
5.74	0.994219	0.0046841	0.00109641
5.75	0.994203	0.00469667	0.00110016
5.76	0.994187	0.00470928	0.00110392
5.77	0.99417	0.00472191	0.00110769
5.78	0.994154	0.00473458	0.00111148
5.79	0.994137	0.00474728	0.00111527
5.8	0.994121	0.00476002	0.00111907
5.81	0.994104	0.00477279	0.00112289
5.82	0.994088	0.0047856	0.00112671
5.83	0.994071	0.00479844	0.00113054
5.84	0.994054	0.00481131	0.00113439
5.85	0.994038	0.00482422	0.00113824
5.86	0.994021	0.00483716	0.00114211
5.87	0.994004	0.00485014	0.00114598
5.88	0.993987	0.00486315	0.00114987
5.89	0.99397	0.00487619	0.00115376
5.9	0.993953	0.00488927	0.00115767
5.91	0.993936	0.00490239	0.00116158
5.92	0.993919	0.00491554	0.00116551
5.93	0.993902	0.00492872	0.00116945
5.94	0.993885	0.00494194	0.0011734
5.95	0.993867	0.0049552	0.00117736
5.96	0.99385	0.00496849	0.00118133
5.97	0.993833	0.00498181	0.00118531
5.98	0.993816	0.00499517	0.0011893
5.99	0.993798	0.00500857	0.0011933
6	0.993781	0.005022	0.00119731
6.01	0.993763	0.00503547	0.00120133
6.02	0.993746	0.00504897	0.00120537
6.03	0.993728	0.00506251	0.00120941
6.04	0.99371	0.00507609	0.00121347
6.05	0.993693	0.0050897	0.00121753
6.06	0.993675	0.00510335	0.00122161
6.07	0.993657	0.00511703	0.0012257
6.08	0.993639	0.00513075	0.0012298
6.09	0.993622	0.00514451	0.00123391
6.1	0.993604	0.00515831	0.00123803
6.11	0.993586	0.00517214	0.00124216
6.12	0.993568	0.005186	0.0012463
6.13	0.99355	0.00519991	0.00125046
6.14	0.993532	0.00521385	0.00125462
6.15	0.993513	0.00522783	0.0012588
6.16	0.993495	0.00524184	0.00126299
6.17	0.993477	0.00525589	0.00126719
6.18	0.993459	0.00526998	0.0012714
6.19	0.99344	0.00528411	0.00127562
6.2	0.993422	0.00529827	0.00127985
6.21	0.993403	0.00531248	0.0012841
6.22	0.993385	0.00532672	0.00128835
6.23	0.993366	0.00534099	0.00129262
6.24	0.993348	0.00535531	0.0012969
6.25	0.993329	0.00536966	0.00130119
6.26	0.99331	0.00538405	0.00130549
6.27	0.993292	0.00539848	0.0013098
6.28	0.993273	0.00541295	0.00131413
6.29	0.993254	0.00542746	0.00131846
6.3	0.993235	0.00544201	0.00132281
6.31	0.993216	0.00545659	0.00132717
6.32	0.993197	0.00547121	0.00133154
6.33	0.993178	0.00548587	0.00133593
6.34	0.993159	0.00550057	0.00134032
6.35	0.99314	0.00551531	0.00134473
6.36	0.993121	0.00553009	0.00134914
6.37	0.993102	0.00554491	0.00135357
6.38	0.993082	0.00555977	0.00135802
6.39	0.993063	0.00557466	0.00136247
6.4	0.993043	0.0055896	0.00136694
6.41	0.993024	0.00560457	0.00137141
6.42	0.993005	0.00561959	0.0013759
6.43	0.992985	0.00563464	0.0013804
6.44	0.992965	0.00564974	0.00138492
6.45	0.992946	0.00566488	0.00138944
6.46	0.992926	0.00568005	0.00139398
6.47	0.992906	0.00569527	0.00139853
6.48	0.992886	0.00571052	0.00140309
6.49	0.992867	0.00572582	0.00140767
6.5	0.992847	0.00574116	0.00141226
6.51	0.992827	0.00575653	0.00141686
6.52	0.992807	0.00577195	0.00142147
6.53	0.992786	0.00578741	0.00142609
6.54	0.992766	0.00580291	0.00143073
6.55	0.992746	0.00581845	0.00143537
6.56	0.992726	0.00583404	0.00144004
6.57	0.992706	0.00584966	0.00144471
6.58	0.992685	0.00586533	0.0014494
6.59	0.992665	0.00588103	0.00145409
6.6	0.992644	0.00589678	0.0014588
6.61	0.992624	0.00591257	0.00146353
6.62	0.992603	0.0059284	0.00146827
6.63	0.992583	0.00594428	0.00147301
6.64	0.992562	0.00596019	0.00147778
6.65	0.992541	0.00597615	0.00148255
6.66	0.992521	0.00599215	0.00148734
6.67	0.9925	0.0060082	0.00149214
6.68	0.992479	0.00602428	0.00149695
6.69	0.992458	0.00604041	0.00150178
6.7	0.992437	0.00605658	0.00150662
6.71	0.992416	0.0060728	0.00151147
6.72	0.992395	0.00608905	0.00151633
6.73	0.992373	0.00610535	0.00152121
6.74	0.992352	0.0061217	0.0015261
6.75	0.992331	0.00613808	0.001531
6.76	0.99231	0.00615451	0.00153592
6.77	0.992288	0.00617099	0.00154085
6.78	0.992267	0.0061875	0.0015458
6.79	0.992245	0.00620406	0.00155075
6.8	0.992224	0.00622067	0.00155572
6.81	0.992202	0.00623732	0.0015607
6.82	0.99218	0.00625401	0.0015657
6.83	0.992159	0.00627075	0.00157071
6.84	0.992137	0.00628753	0.00157573
6.85	0.992115	0.00630435	0.00158077
6.86	0.992093	0.00632122	0.00158582
6.87	0.992071	0.00633814	0.00159089
6.88	0.992049	0.0063551	0.00159596
6.89	0.992027	0.0063721	0.00160105
6.9	0.992005	0.00638915	0.00160616
6.91	0.991982	0.00640624	0.00161128
6.92	0.99196	0.00642338	0.00161641
6.93	0.991938	0.00644057	0.00162155
6.94	0.991915	0.0064578	0.00162671
6.95	0.991893	0.00647508	0.00163189
6.96	0.991871	0.0064924	0.00163707
6.97	0.991848	0.00650977	0.00164227
6.98	0.991825	0.00652718	0.00164749
6.99	0.991803	0.00654464	0.00165272
7	0.99178	0.00656214	0.00165796
7.01	0.991757	0.0065797	0.00166322
7.02	0.991734	0.0065973	0.00166849
7.03	0.991711	0.00661494	0.00167377
7.04	0.991688	0.00663263	0.00167907
7.05	0.991665	0.00665037	0.00168438
7.06	0.991642	0.00666816	0.00168971
7.07	0.991619	0.00668599	0.00169505
7.08	0.991596	0.00670387	0.00170041
7.09	0.991572	0.0067218	0.00170578
7.1	0.991549	0.00673977	0.00171116
7.11	0.991526	0.00675779	0.00171656
7.12	0.991502	0.00677586	0.00172198
7.13	0.991479	0.00679398	0.00172741
7.14	0.991455	0.00681214	0.00173285
7.15	0.991431	0.00683036	0.0017383
7.16	0.991408	0.00684862	0.00174378
7.17	0.991384	0.00686693	0.00174926
7.18	0.99136	0.00688528	0.00175476
7.19	0.991336	0.00690369	0.00176028
7.2	0.991312	0.00692215	0.00176581
7.21	0.991288	0.00694065	0.00177135
7.22	0.991264	0.0069592	0.00177691
7.23	0.99124	0.0069778	0.00178249
7.24	0.991215	0.00699645	0.00178808
7.25	0.991191	0.00701515	0.00179368
7.26	0.991167	0.0070339	0.0017993
7.27	0.991142	0.0070527	0.00180494
7.28	0.991118	0.00707155	0.00181059
7.29	0.991093	0.00709045	0.00181625
7.3	0.991069	0.0071094	0.00182193
7.31	0.991044	0.0071284	0.00182763
7.32	0.991019	0.00714744	0.00183334
7.33	0.990994	0.00716654	0.00183906
7.34	0.99097	0.00718569	0.0018448
7.35	0.990945	0.00720489	0.00185056
7.36	0.99092	0.00722414	0.00185633
7.37	0.990894	0.00724344	0.00186212
7.38	0.990869	0.00726279	0.00186792
7.39	0.990844	0.0072822	0.00187374
7.4	0.990819	0.00730165	0.00187957
7.41	0.990793	0.00732116	0.00188542
7.42	0.990768	0.00734071	0.00189129
7.43	0.990743	0.00736032	0.00189717
7.44	0.990717	0.00737998	0.00190306
7.45	0.990691	0.00739969	0.00190898
7.46	0.990666	0.00741946	0.0019149
7.47	0.99064	0.00743928	0.00192085
7.48	0.990614	0.00745914	0.00192681
7.49	0.990588	0.00747906	0.00193278
7.5	0.990562	0.00749904	0.00193877
7.51	0.990536	0.00751906	0.00194478
7.52	0.99051	0.00753914	0.0019508
7.53	0.990484	0.00755927	0.00195684
7.54	0.990458	0.00757946	0.0019629
7.55	0.990431	0.0075997	0.00196897
7.56	0.990405	0.00761999	0.00197506
7.57	0.990379	0.00764033	0.00198116
7.58	0.990352	0.00766073	0.00198728
7.59	0.990325	0.00768118	0.00199342
7.6	0.990299	0.00770169	0.00199957
7.61	0.990272	0.00772225	0.00200574
7.62	0.990245	0.00774286	0.00201193
7.63	0.990218	0.00776353	0.00201813
7.64	0.990191	0.00778426	0.00202435
7.65	0.990164	0.00780503	0.00203058
7.66	0.990137	0.00782587	0.00203684
7.67	0.99011	0.00784675	0.00204311
7.68	0.990083	0.0078677	0.00204939
7.69	0.990056	0.00788869	0.00205569
7.7	0.990028	0.00790974	0.00206201
7.71	0.990001	0.00793085	0.00206835
7.72	0.989973	0.00795202	0.0020747
7.73	0.989946	0.00797324	0.00208107
7.74	0.989918	0.00799451	0.00208746
7.75	0.98989	0.00801584	0.00209386
7.76	0.989862	0.00803723	0.00210029
7.77	0.989835	0.00805867	0.00210672
7.78	0.989807	0.00808017	0.00211318
7.79	0.989779	0.00810173	0.00211965
7.8	0.989751	0.00812334	0.00212614
7.81	0.989722	0.00814501	0.00213265
7.82	0.989694	0.00816674	0.00213917
7.83	0.989666	0.00818852	0.00214572
7.84	0.989637	0.00821037	0.00215228
7.85	0.989609	0.00823226	0.00215885
7.86	0.98958	0.00825422	0.00216545
7.87	0.989552	0.00827623	0.00217206
7.88	0.989523	0.00829831	0.00217869
7.89	0.989494	0.00832044	0.00218534
7.9	0.989465	0.00834263	0.002192
7.91	0.989436	0.00836487	0.00219869
7.92	0.989407	0.00838718	0.00220539
7.93	0.989378	0.00840954	0.0022121
7.94	0.989349	0.00843196	0.00221884
7.95	0.98932	0.00845445	0.0022256
7.96	0.989291	0.00847699	0.00223237
7.97	0.989261	0.00849959	0.00223916
7.98	0.989232	0.00852224	0.00224597
7.99	0.989202	0.00854496	0.00225279
8	0.989173	0.00856774	0.00225964
8.01	0.989143	0.00859058	0.0022665
8.02	0.989113	0.00861348	0.00227338
8.03	0.989083	0.00863644	0.00228028
8.04	0.989053	0.00865945	0.0022872
8.05	0.989023	0.00868253	0.00229414
8.06	0.988993	0.00870567	0.0023011
8.07	0.988963	0.00872887	0.00230807
8.08	0.988933	0.00875213	0.00231506
8.09	0.988902	0.00877546	0.00232207
8.1	0.988872	0.00879884	0.0023291
8.11	0.988842	0.00882229	0.00233615
8.12	0.988811	0.00884579	0.00234322
8.13	0.98878	0.00886936	0.0023503
8.14	0.98875	0.00889299	0.00235741
8.15	0.988719	0.00891668	0.00236453
8.16	0.988688	0.00894044	0.00237168
8.17	0.988657	0.00896425	0.00237884
8.18	0.988626	0.00898813	0.00238602
8.19	0.988595	0.00901207	0.00239322
8.2	0.988563	0.00903608	0.00240044
8.21	0.988532	0.00906014	0.00240768
8.22	0.988501	0.00908427	0.00241493
8.23	0.988469	0.00910847	0.00242221
8.24	0.988438	0.00913273	0.00242951
8.25	0.988406	0.00915705	0.00243682
8.26	0.988374	0.00918143	0.00244416
8.27	0.988343	0.00920588	0.00245151
8.28	0.988311	0.00923039	0.00245889
8.29	0.988279	0.00925497	0.00246628
8.3	0.988247	0.00927961	0.0024737
8.31	0.988215	0.00930431	0.00248113
8.32	0.988182	0.00932908	0.00248858
8.33	0.98815	0.00935392	0.00249606
8.34	0.988118	0.00937882	0.00250355
8.35	0.988085	0.00940378	0.00251106
8.36	0.988053	0.00942882	0.0025186
8.37	0.98802	0.00945391	0.00252615
8.38	0.987987	0.00947907	0.00253372
8.39	0.987954	0.0095043	0.00254131
8.4	0.987921	0.0095296	0.00254893
8.41	0.987888	0.00955496	0.00255656
8.42	0.987855	0.00958038	0.00256422
8.43	0.987822	0.00960588	0.00257189
8.44	0.987789	0.00963144	0.00257959
8.45	0.987756	0.00965706	0.0025873
8.46	0.987722	0.00968276	0.00259504
8.47	0.987689	0.00970852	0.00260279
8.48	0.987655	0.00973435	0.00261057
8.49	0.987621	0.00976024	0.00261837
8.5	0.987588	0.0097862	0.00262619
8.51	0.987554	0.00981224	0.00263403
8.52	0.98752	0.00983834	0.00264189
8.53	0.987486	0.0098645	0.00264977
8.54	0.987452	0.00989074	0.00265767
8.55	0.987417	0.00991705	0.00266559
8.56	0.987383	0.00994342	0.00267354
8.57	0.987349	0.00996986	0.0026815
8.58	0.987314	0.00999637	0.00268949
8.59	0.98728	0.010023	0.0026975
8.6	0.987245	0.0100496	0.00270553
8.61	0.98721	0.0100763	0.00271358
8.62	0.987175	0.0101031	0.00272165
8.63	0.98714	0.01013	0.00272974
8.64	0.987105	0.0101569	0.00273786
8.65	0.98707	0.0101839	0.00274599
8.66	0.987035	0.010211	0.00275415
8.67	0.987	0.0102381	0.00276233
8.68	0.986964	0.0102653	0.00277053
8.69	0.986929	0.0102926	0.00277875
8.7	0.986893	0.01032	0.002787
8.71	0.986857	0.0103474	0.00279527
8.72	0.986822	0.0103749	0.00280356
8.73	0.986786	0.0104025	0.00281187
8.74	0.98675	0.0104301	0.0028202
8.75	0.986714	0.0104578	0.00282855
8.76	0.986677	0.0104856	0.00283693
8.77	0.986641	0.0105135	0.00284533
8.78	0.986605	0.0105414	0.00285375
8.79	0.986568	0.0105694	0.0028622
8.8	0.986532	0.0105975	0.00287066
8.81	0.986495	0.0106256	0.00287915
8.82	0.986458	0.0106538	0.00288767
8.83	0.986422	0.0106821	0.0028962
8.84	0.986385	0.0107105	0.00290476
8.85	0.986348	0.010739	0.00291334
8.86	0.986311	0.0107675	0.00292194
8.87	0.986273	0.0107961	0.00293056
8.88	0.986236	0.0108247	0.00293921
8.89	0.986199	0.0108535	0.00294788
8.9	0.986161	0.0108823	0.00295658
8.91	0.986124	0.0109112	0.0029653
8.92	0.986086	0.0109402	0.00297404
8.93	0.986048	0.0109692	0.0029828
8.94	0.98601	0.0109983	0.00299159
8.95	0.985972	0.0110275	0.0030004
8.96	0.985934	0.0110568	0.00300923
8.97	0.985896	0.0110861	0.00301809
8.98	0.985857	0.0111156	0.00302697
8.99	0.985819	0.0111451	0.00303587
9	0.985781	0.0111746	0.0030448
9.01	0.985742	0.0112043	0.00305375
9.02	0.985703	0.011234	0.00306273
9.03	0.985664	0.0112638	0.00307173
9.04	0.985626	0.0112937	0.00308075
9.05	0.985587	0.0113237	0.0030898
9.06	0.985547	0.0113537	0.00309887
9.07	0.985508	0.0113838	0.00310796
9.08	0.985469	0.011414	0.00311708
9.09	0.985429	0.0114443	0.00312623
9.1	0.98539	0.0114747	0.00313539
9.11	0.98535	0.0115051	0.00314459
9.12	0.985311	0.0115356	0.0031538
9.13	0.985271	0.0115662	0.00316304
9.14	0.985231	0.0115969	0.00317231
9.15	0.985191	0.0116276	0.0031816
9.16	0.985151	0.0116585	0.00319091
9.17	0.98511	0.0116894	0.00320025
9.18	0.98507	0.0117204	0.00320961
9.19	0.98503	0.0117514	0.003219
9.2	0.984989	0.0117826	0.00322842
9.21	0.984948	0.0118138	0.00323786
9.22	0.984908	0.0118452	0.00324732
9.23	0.984867	0.0118765	0.00325681
9.24	0.984826	0.011908	0.00326632
9.25	0.984785	0.0119396	0.00327586
9.26	0.984743	0.0119712	0.00328543
9.27	0.984702	0.012003	0.00329501
9.28	0.984661	0.0120348	0.00330463
9.29	0.984619	0.0120666	0.00331427
9.3	0.984577	0.0120986	0.00332394
9.31	0.984536	0.0121307	0.00333363
9.32	0.984494	0.0121628	0.00334335
9.33	0.984452	0.012195	0.00335309
9.34	0.98441	0.0122273	0.00336286
9.35	0.984368	0.0122597	0.00337265
9.36	0.984325	0.0122922	0.00338247
9.37	0.984283	0.0123248	0.00339232
9.38	0.98424	0.0123574	0.00340219
9.39	0.984198	0.0123901	0.00341209
9.4	0.984155	0.0124229	0.00342202
9.41	0.984112	0.0124558	0.00343197
9.42	0.984069	0.0124888	0.00344195
9.43	0.984026	0.0125219	0.00345195
9.44	0.983983	0.012555	0.00346198
9.45	0.98394	0.0125883	0.00347204
9.46	0.983896	0.0126216	0.00348212
9.47	0.983853	0.012655	0.00349223
9.48	0.983809	0.0126885	0.00350237
9.49	0.983765	0.0127221	0.00351254
9.5	0.983722	0.0127558	0.00352273
9.51	0.983678	0.0127895	0.00353294
9.52	0.983633	0.0128234	0.00354319
9.53	0.983589	0.0128573	0.00355346
9.54	0.983545	0.0128913	0.00356376
9.55	0.9835	0.0129254	0.00357409
9.56	0.983456	0.0129596	0.00358444
9.57	0.983411	0.0129939	0.00359482
9.58	0.983366	0.0130283	0.00360523
9.59	0.983322	0.0130627	0.00361567
9.6	0.983277	0.0130973	0.00362613
9.61	0.983231	0.0131319	0.00363662
9.62	0.983186	0.0131667	0.00364714
9.63	0.983141	0.0132015	0.00365769
9.64	0.983095	0.0132364	0.00366827
9.65	0.98305	0.0132714	0.00367887
9.66	0.983004	0.0133065	0.0036895
9.67	0.982958	0.0133417	0.00370016
9.68	0.982912	0.0133769	0.00371085
9.69	0.982866	0.0134123	0.00372156
9.7	0.98282	0.0134477	0.00373231
9.71	0.982774	0.0134833	0.00374308
9.72	0.982727	0.0135189	0.00375388
9.73	0.982681	0.0135547	0.00376471
9.74	0.982634	0.0135905	0.00377557
9.75	0.982587	0.0136264	0.00378645
9.76	0.98254	0.0136624	0.00379737
9.77	0.982493	0.0136985	0.00380831
9.78	0.982446	0.0137347	0.00381929
9.79	0.982399	0.013771	0.00383029
9.8	0.982351	0.0138074	0.00384132
9.81	0.982304	0.0138438	0.00385238
9.82	0.982256	0.0138804	0.00386347
9.83	0.982208	0.0139171	0.00387459
9.84	0.98216	0.0139538	0.00388574
9.85	0.982112	0.0139907	0.00389692
9.86	0.982064	0.0140276	0.00390812
9.87	0.982016	0.0140647	0.00391936
9.88	0.981968	0.0141018	0.00393063
9.89	0.981919	0.014139	0.00394192
9.9	0.98187	0.0141764	0.00395325
9.91	0.981822	0.0142138	0.00396461
9.92	0.981773	0.0142513	0.00397599
9.93	0.981724	0.0142889	0.00398741
9.94	0.981675	0.0143266	0.00399885
9.95	0.981625	0.0143645	0.00401033
9.96	0.981576	0.0144024	0.00402184
9.97	0.981526	0.0144404	0.00403337
9.98	0.981477	0.0144785	0.00404494
9.99	0.981427	0.0145167	0.00405654
10	0.981377	0.014555	0.00406817
10.01	0.981327	0.0145934	0.00407983
10.02	0.981277	0.0146319	0.00409152
10.03	0.981226	0.0146705	0.00410324
10.04	0.981176	0.0147092	0.00411499
10.05	0.981125	0.014748	0.00412677
10.06	0.981075	0.0147869	0.00413859
10.07	0.981024	0.0148258	0.00415043
10.08	0.980973	0.0148649	0.00416231
10.09	0.980922	0.0149041	0.00417422
10.1	0.98087	0.0149434	0.00418616
10.11	0.980819	0.0149828	0.00419813
10.12	0.980768	0.0150223	0.00421013
10.13	0.980716	0.0150619	0.00422216
10.14	0.980664	0.0151016	0.00423423
10.15	0.980612	0.0151414	0.00424632
10.16	0.98056	0.0151813	0.00425845
10.17	0.980508	0.0152213	0.00427061
10.18	0.980456	0.0152615	0.00428281
10.19	0.980403	0.0153017	0.00429503
10.2	0.980351	0.015342	0.00430729
10.21	0.980298	0.0153824	0.00431958
10.22	0.980245	0.0154229	0.0043319
10.23	0.980192	0.0154636	0.00434426
10.24	0.980139	0.0155043	0.00435664
10.25	0.980086	0.0155451	0.00436906
10.26	0.980032	0.0155861	0.00438152
10.27	0.979979	0.0156271	0.004394
10.28	0.979925	0.0156683	0.00440652
10.29	0.979871	0.0157095	0.00441907
10.3	0.979817	0.0157509	0.00443165
10.31	0.979763	0.0157924	0.00444427
10.32	0.979709	0.0158339	0.00445692
10.33	0.979655	0.0158756	0.00446961
10.34	0.9796	0.0159174	0.00448232
10.35	0.979546	0.0159593	0.00449507
10.36	0.979491	0.0160013	0.00450786
10.37	0.979436	0.0160434	0.00452068
10.38	0.979381	0.0160856	0.00453353
10.39	0.979326	0.0161279	0.00454641
10.4	0.97927	0.0161704	0.00455933
10.41	0.979215	0.0162129	0.00457229
10.42	0.979159	0.0162556	0.00458527
10.43	0.979103	0.0162983	0.00459829
10.44	0.979047	0.0163412	0.00461135
10.45	0.978991	0.0163842	0.00462444
10.46	0.978935	0.0164273	0.00463757
10.47	0.978879	0.0164705	0.00465072
10.48	0.978822	0.0165138	0.00466392
10.49	0.978766	0.0165572	0.00467715
10.5	0.978709	0.0166007	0.00469041
10.51	0.978652	0.0166443	0.00470371
10.52	0.978595	0.0166881	0.00471704
10.53	0.978538	0.016732	0.00473041
10.54	0.97848	0.0167759	0.00474381
10.55	0.978423	0.01682	0.00475725
10.56	0.978365	0.0168642	0.00477072
10.57	0.978307	0.0169085	0.00478423
10.58	0.978249	0.016953	0.00479778
10.59	0.978191	0.0169975	0.00481136
10.6	0.978133	0.0170422	0.00482497
10.61	0.978074	0.0170869	0.00483863
10.62	0.978016	0.0171318	0.00485231
10.63	0.977957	0.0171768	0.00486604
10.64	0.977898	0.0172219	0.0048798
10.65	0.977839	0.0172671	0.00489359
10.66	0.97778	0.0173125	0.00490742
10.67	0.977721	0.0173579	0.00492129
10.68	0.977661	0.0174035	0.0049352
10.69	0.977602	0.0174492	0.00494914
10.7	0.977542	0.017495	0.00496311
10.71	0.977482	0.0175409	0.00497713
10.72	0.977422	0.0175869	0.00499118
10.73	0.977362	0.0176331	0.00500527
10.74	0.977301	0.0176794	0.00501939
10.75	0.977241	0.0177258	0.00503355
10.76	0.97718	0.0177723	0.00504775
10.77	0.977119	0.0178189	0.00506199
10.78	0.977058	0.0178656	0.00507626
10.79	0.976997	0.0179125	0.00509058
10.8	0.976936	0.0179595	0.00510492
10.81	0.976874	0.0180066	0.00511931
10.82	0.976812	0.0180538	0.00513373
10.83	0.976751	0.0181011	0.0051482
10.84	0.976689	0.0181486	0.0051627
10.85	0.976627	0.0181962	0.00517723
10.86	0.976564	0.0182439	0.00519181
10.87	0.976502	0.0182917	0.00520642
10.88	0.976439	0.0183396	0.00522108
10.89	0.976377	0.0183877	0.00523577
10.9	0.976314	0.0184359	0.0052505
10.91	0.976251	0.0184842	0.00526527
10.92	0.976187	0.0185326	0.00528007
10.93	0.976124	0.0185812	0.00529492
10.94	0.97606	0.0186299	0.0053098
10.95	0.975997	0.0186787	0.00532473
10.96	0.975933	0.0187276	0.00533969
10.97	0.975869	0.0187766	0.00535469
10.98	0.975804	0.0188258	0.00536973
10.99	0.97574	0.0188751	0.00538481
11	0.975676	0.0189245	0.00539993
11.01	0.975611	0.0189741	0.00541509
11.02	0.975546	0.0190238	0.00543029
11.03	0.975481	0.0190736	0.00544553
11.04	0.975416	0.0191235	0.00546081
11.05	0.97535	0.0191735	0.00547613
11.06	0.975285	0.0192237	0.00549149
11.07	0.975219	0.019274	0.00550688
11.08	0.975153	0.0193245	0.00552232
11.09	0.975087	0.019375	0.0055378
11.1	0.975021	0.0194257	0.00555332
11.11	0.974955	0.0194765	0.00556888
11.12	0.974888	0.0195275	0.00558449
11.13	0.974821	0.0195785	0.00560013
